1000.000	19046.430	-3018.436
1059.254	18984.270	-2901.614
1122.018	18922.640	-2792.501
1188.502	18863.120	-2688.283
1258.925	18805.730	-2586.586
1333.521	18749.620	-2486.920
1412.538	18694.850	-2391.093
1496.236	18643.060	-2299.239
1584.893	18595.220	-2213.659
1678.804	18545.840	-2125.180
1778.279	18502.840	-2044.734
1883.649	18456.910	-1962.244
1995.262	18414.570	-1883.416
2113.489	18374.100	-1808.655
2238.721	18337.610	-1736.563
2371.374	18298.930	-1663.227
2511.886	18263.600	-1597.994
2660.725	18230.030	-1534.837
2818.383	18197.570	-1471.556
2985.383	18167.230	-1409.021
3162.278	18134.240	-1349.376
3349.654	18109.110	-1293.534
3548.134	18086.940	-1237.926
3758.374	18060.050	-1187.771
3981.072	18038.740	-1139.053
4216.965	18015.940	-1089.188
4466.836	17993.870	-1044.436
4731.513	17975.550	-999.459
5011.872	17954.510	-956.663
5308.844	17940.120	-918.993
5623.413	17923.490	-879.481
5956.621	17905.600	-839.131
6309.573	17892.150	-807.535
6683.439	17880.420	-771.352
7079.458	17864.030	-739.093
7498.942	17853.450	-708.046
7943.282	17843.320	-673.189
8413.951	17832.830	-645.653
8912.509	17817.300	-622.645
9440.609	17814.990	-600.168
10000.000	17801.700	-575.635
10592.537	17794.250	-547.674
11220.185	17784.910	-532.206
11885.022	17779.610	-512.881
12589.254	17771.080	-486.731
13335.214	17769.410	-468.140
14125.375	17762.710	-455.427
14962.357	17756.490	-439.213
15848.932	17751.650	-420.038
16788.040	17746.490	-414.456
17782.794	17742.200	-396.556
18836.491	17736.180	-386.772
19952.623	17735.760	-377.572
21134.890	17732.600	-369.743
22387.211	17727.010	-361.046
23713.737	17724.410	-354.389
25118.864	17722.300	-345.885
26607.251	17718.900	-343.161
28183.829	17716.860	-337.060
29853.826	17717.570	-335.929
31622.777	17711.800	-332.855
33496.544	17710.620	-330.950
35481.339	17708.280	-329.002
37583.740	17703.370	-333.934
39810.717	17705.410	-338.912
42169.650	17702.250	-337.694
44668.359	17699.490	-342.037
47315.126	17698.230	-345.217
50118.723	17698.940	-349.517
53088.444	17696.600	-359.447
56234.133	17694.480	-367.377
59566.214	17691.010	-375.544
63095.734	17691.350	-386.243
66834.392	17689.390	-396.947
70794.578	17688.980	-409.198
74989.421	17688.020	-422.324
79432.823	17685.950	-439.928
84139.514	17684.520	-455.630
89125.094	17682.340	-476.170
94406.088	17679.770	-492.908
100000.000	17678.920	-515.511
105925.373	17676.380	-541.662
112201.845	17675.210	-565.725
118850.223	17672.590	-591.226
125892.541	17669.370	-618.009
133352.143	17666.090	-649.514
141253.754	17661.510	-683.530
149623.566	17660.900	-718.706
158489.319	17654.770	-753.410
167880.402	17653.730	-793.009
177827.941	17647.150	-833.085
188364.909	17641.510	-877.348
199526.231	17635.990	-930.327
211348.904	17631.320	-977.105
223872.114	17622.890	-1033.487
237137.371	17615.640	-1087.668
251188.643	17606.770	-1148.386
266072.506	17597.670	-1210.321
281838.293	17587.770	-1280.459
298538.262	17573.430	-1353.241
316227.766	17560.200	-1426.772
334965.439	17545.770	-1506.295
354813.389	17529.630	-1590.887
375837.404	17511.140	-1679.611
398107.171	17490.400	-1774.730
421696.503	17468.650	-1874.815
446683.592	17442.410	-1981.278
473151.259	17412.470	-2092.082
501187.234	17383.010	-2207.406
530884.444	17347.600	-2327.596
562341.325	17307.450	-2461.144
595662.144	17262.230	-2595.790
630957.344	17216.450	-2741.294
668343.918	17160.720	-2891.713
707945.784	17104.340	-3048.011
749894.209	17037.550	-3209.245
794328.235	16964.330	-3383.305
841395.142	16881.490	-3562.482
891250.938	16790.610	-3751.710
944060.876	16692.550	-3945.333
1000000.000	16584.770	-4147.162
1059253.725	16461.860	-4357.141
1122018.454	16323.760	-4569.025
1188502.227	16177.840	-4790.816
1258925.412	16017.630	-5017.539
1333521.432	15844.180	-5250.270
1412537.545	15650.780	-5485.570
1496235.656	15442.480	-5721.408
1584893.192	15216.720	-5967.737
1678804.018	14970.440	-6210.107
1778279.410	14709.110	-6455.893
1883649.089	14421.300	-6697.108
1995262.315	14114.540	-6930.657
2113489.040	13784.210	-7159.611
2238721.139	13438.360	-7379.576
2371373.706	13069.400	-7588.021
2511886.432	12682.560	-7786.693
2660725.060	12276.660	-7970.355
2818382.931	11850.580	-8137.113
2985382.619	11410.850	-8284.359
3162277.660	10948.260	-8410.553
3349654.392	10471.740	-8505.789
3548133.892	10000.340	-8583.107
3758374.043	9515.434	-8634.072
3981071.706	9026.172	-8657.748
4216965.034	8533.871	-8654.639
4466835.922	8045.947	-8624.676
4731512.590	7562.497	-8567.855
5011872.336	7084.011	-8487.129
5308844.442	6616.896	-8380.805
5623413.252	6159.939	-8249.590
5956621.435	5718.921	-8098.121
6309573.445	5295.590	-7926.449
6683439.176	4889.205	-7732.904
7079457.844	4507.107	-7528.155
7498942.093	4144.912	-7312.558
7943282.347	3805.383	-7087.320
8413951.416	3485.727	-6856.256
8912509.381	3186.634	-6622.744
9440608.763	2904.356	-6389.205
10000000.000	2631.270	-6146.992
10592537.252	2384.830	-5904.896
11220184.543	2154.145	-5641.955
11885022.274	1959.163	-5397.646
12589254.118	1780.267	-5167.469
13335214.322	1607.789	-4942.332
14125375.446	1450.967	-4746.096
14962356.561	1234.437	-4585.752
15848931.925	988.227	-4299.791
16788040.181	967.408	-4004.111
17782794.100	912.677	-3803.608
18836490.895	842.352	-3617.951
19952623.150	768.436	-3440.499
21134890.398	694.386	-3268.992
22387211.386	612.222	-3096.842
23713737.057	556.908	-2917.552
25118864.315	506.875	-2760.636
26607250.598	459.155	-2612.033
28183829.313	415.735	-2468.674
29853826.189	374.965	-2332.967
31622776.602	335.089	-2203.299
33496543.916	300.920	-2075.203
35481338.923	269.618	-1954.537
37583740.429	242.463	-1840.927
39810717.055	216.005	-1731.116
42169650.343	192.306	-1628.703
44668359.215	167.391	-1528.598
47315125.896	146.895	-1430.483
50118723.363	128.869	-1335.199
53088444.423	111.388	-1246.657
56234132.519	93.111	-1162.444
59566214.353	84.551	-1075.599
63095734.448	70.251	-999.397
66834391.757	57.765	-924.100
70794578.438	44.674	-854.001
74989420.933	21.176	-778.309
79432823.472	23.042	-690.928
84139514.165	22.195	-630.712
89125093.813	11.521	-564.563
94406087.629	6.454	-496.693
100000000.000	-0.961	-427.702
