1000.000	20093.760	-3181.373
1059.254	20024.470	-3060.283
1122.018	19959.590	-2943.906
1188.502	19896.130	-2830.123
1258.925	19835.100	-2721.834
1333.521	19776.030	-2615.094
1412.538	19717.120	-2514.292
1496.236	19663.790	-2415.670
1584.893	19611.860	-2323.723
1678.804	19562.370	-2233.301
1778.279	19514.780	-2142.564
1883.649	19469.320	-2056.401
1995.262	19425.730	-1974.946
2113.489	19383.520	-1893.518
2238.721	19343.340	-1814.351
2371.374	19305.740	-1740.758
2511.886	19270.560	-1671.382
2660.725	19237.790	-1604.067
2818.383	19203.270	-1537.710
2985.383	19168.850	-1474.443
3162.278	19137.820	-1411.408
3349.654	19112.410	-1351.017
3548.134	19087.430	-1291.900
3758.374	19063.150	-1238.464
3981.072	19039.130	-1190.162
4216.965	19016.910	-1140.700
4466.836	18993.270	-1092.961
4731.513	18977.070	-1046.647
5011.872	18956.700	-1003.162
5308.844	18937.010	-962.105
5623.413	18919.700	-923.275
5956.621	18902.710	-881.820
6309.573	18889.950	-848.426
6683.439	18877.610	-811.731
7079.458	18860.220	-778.890
7498.942	18848.110	-744.054
7943.282	18836.820	-710.404
8413.951	18827.700	-682.391
8912.509	18812.740	-653.603
9440.609	18802.750	-634.394
10000.000	18795.470	-603.944
10592.537	18783.190	-583.521
11220.185	18775.500	-559.018
11885.022	18763.980	-540.732
12589.254	18762.460	-519.123
13335.214	18757.650	-501.594
14125.375	18750.390	-482.417
14962.357	18742.130	-468.243
15848.932	18738.620	-451.351
16788.040	18732.590	-443.788
17782.794	18727.170	-429.697
18836.491	18723.780	-415.001
19952.623	18717.960	-407.462
21134.890	18715.540	-397.175
22387.211	18708.910	-386.185
23713.737	18706.210	-380.346
25118.864	18704.840	-375.053
26607.251	18697.940	-368.186
28183.829	18698.040	-363.082
29853.826	18696.150	-362.455
31622.777	18694.990	-361.291
33496.544	18690.840	-362.122
35481.339	18689.410	-360.640
37583.740	18686.380	-359.888
39810.717	18684.650	-364.025
42169.650	18682.330	-366.837
44668.359	18680.820	-375.108
47315.126	18679.610	-378.135
50118.723	18677.590	-378.375
53088.444	18676.730	-390.609
56234.133	18674.410	-400.400
59566.214	18673.980	-406.867
63095.734	18671.430	-423.295
66834.392	18670.660	-431.949
70794.578	18669.270	-447.596
74989.421	18667.700	-466.119
79432.823	18662.910	-482.070
84139.514	18662.450	-495.752
89125.094	18660.110	-523.697
94406.088	18658.040	-544.391
100000.000	18657.910	-567.523
105925.373	18653.220	-591.723
112201.845	18651.560	-624.489
118850.223	18647.870	-652.413
125892.541	18643.740	-679.922
133352.143	18643.070	-717.481
141253.754	18638.590	-753.825
149623.566	18633.890	-795.754
158489.319	18630.630	-833.157
167880.402	18624.780	-875.945
177827.941	18621.210	-923.661
188364.909	18615.100	-971.251
199526.231	18606.890	-1023.755
211348.904	18601.140	-1080.751
223872.114	18592.910	-1141.861
237137.371	18584.900	-1201.669
251188.643	18573.590	-1268.520
266072.506	18562.050	-1339.604
281838.293	18552.060	-1415.029
298538.262	18535.890	-1492.171
316227.766	18521.900	-1576.825
334965.439	18504.410	-1662.972
354813.389	18484.350	-1757.839
375837.404	18462.110	-1854.998
398107.171	18440.130	-1961.500
421696.503	18413.540	-2072.777
446683.592	18384.710	-2189.953
473151.259	18353.000	-2309.559
501187.234	18314.570	-2436.610
530884.444	18274.570	-2573.345
562341.325	18230.360	-2716.143
595662.144	18178.120	-2865.935
630957.344	18123.610	-3023.861
668343.918	18061.890	-3188.776
707945.784	17994.620	-3360.204
749894.209	17918.420	-3537.415
794328.235	17833.950	-3727.424
841395.142	17740.630	-3924.691
891250.938	17637.830	-4128.737
944060.876	17525.510	-4341.377
1000000.000	17399.280	-4559.679
1059253.725	17261.610	-4787.954
1122018.454	17103.700	-5014.818
1188502.227	16936.980	-5252.143
1258925.412	16755.230	-5495.881
1333521.432	16554.340	-5749.154
1412537.545	16337.110	-6001.449
1496235.656	16102.360	-6254.311
1584893.192	15849.670	-6511.967
1678804.018	15573.040	-6770.805
1778279.410	15279.090	-7023.457
1883649.089	14955.760	-7277.605
1995262.315	14615.950	-7521.553
2113489.040	14248.310	-7756.080
2238721.139	13863.850	-7979.174
2371373.706	13457.660	-8190.232
2511886.432	13032.260	-8385.570
2660725.060	12588.320	-8564.445
2818382.931	12123.250	-8723.445
2985382.619	11645.170	-8861.631
3162277.660	11146.880	-8974.164
3349654.392	10651.710	-9049.768
3548133.892	10128.830	-9114.303
3758374.043	9612.586	-9145.406
3981071.706	9092.668	-9146.934
4216965.034	8574.645	-9119.492
4466835.922	8062.326	-9064.207
4731512.590	7557.678	-8980.977
5011872.336	7061.317	-8872.867
5308844.442	6577.908	-8740.723
5623413.252	6107.483	-8582.934
5956621.435	5657.153	-8404.641
6309573.445	5224.437	-8207.750
6683439.176	4814.072	-7990.734
7079457.844	4428.057	-7762.702
7498942.093	4064.890	-7525.342
7943282.347	3724.019	-7280.527
8413951.416	3405.469	-7030.577
8912509.381	3107.452	-6780.200
9440608.763	2826.191	-6530.490
10000000.000	2556.741	-6274.181
10592537.252	2313.484	-6018.314
11220184.543	2087.152	-5743.657
11885022.274	1896.240	-5489.049
12589254.118	1721.372	-5249.906
13335214.322	1552.024	-5016.502
14125375.446	1397.642	-4812.996
14962356.561	1181.813	-4643.106
15848931.925	942.219	-4347.854
16788040.181	927.004	-4048.819
17782794.100	876.362	-3844.563
18836490.895	808.907	-3655.821
19952623.150	737.442	-3474.923
21134890.398	665.333	-3299.328
22387211.386	586.012	-3124.876
23713737.057	533.526	-2942.886
25118864.315	485.972	-2783.853
26607250.598	439.952	-2632.564
28183829.313	398.364	-2487.777
29853826.189	359.313	-2349.956
31622776.602	320.437	-2219.187
33496543.916	287.658	-2089.844
35481338.923	257.659	-1968.612
37583740.429	231.851	-1853.292
39810717.055	206.364	-1742.514
42169650.343	183.370	-1639.158
44668359.215	159.206	-1538.209
47315125.896	139.392	-1439.462
50118723.363	122.340	-1343.723
53088444.423	105.302	-1254.265
56234132.519	87.549	-1169.363
59566214.353	79.626	-1082.259
63095734.448	65.862	-1005.538
66834391.757	53.588	-929.635
70794578.438	40.552	-859.228
74989420.933	17.766	-782.771
79432823.472	20.213	-695.181
84139514.165	19.438	-634.786
89125093.813	8.978	-568.137
94406087.629	4.257	-500.083
100000000.000	11.138	-441.374
