1000.000	19980.570	-3176.199
1059.254	19910.850	-3054.863
1122.018	19846.040	-2938.437
1188.502	19782.600	-2825.658
1258.925	19721.810	-2717.259
1333.521	19664.160	-2611.285
1412.538	19604.910	-2510.855
1496.236	19550.880	-2412.735
1584.893	19499.730	-2320.891
1678.804	19448.930	-2229.165
1778.279	19402.270	-2139.630
1883.649	19356.320	-2053.132
1995.262	19313.140	-1970.613
2113.489	19271.530	-1890.648
2238.721	19231.260	-1811.377
2371.374	19194.240	-1738.663
2511.886	19158.890	-1669.303
2660.725	19125.050	-1600.815
2818.383	19090.200	-1534.869
2985.383	19057.300	-1471.623
3162.278	19028.000	-1409.456
3349.654	19000.010	-1347.519
3548.134	18976.150	-1290.802
3758.374	18951.260	-1235.976
3981.072	18926.700	-1187.456
4216.965	18905.930	-1138.449
4466.836	18883.160	-1088.442
4731.513	18864.940	-1045.641
5011.872	18845.410	-1000.283
5308.844	18826.980	-960.151
5623.413	18807.800	-921.583
5956.621	18791.850	-881.280
6309.573	18779.440	-844.386
6683.439	18762.260	-811.283
7079.458	18748.380	-776.636
7498.942	18738.960	-742.524
7943.282	18723.930	-707.308
8413.951	18717.600	-681.574
8912.509	18703.040	-653.594
9440.609	18692.200	-629.689
10000.000	18685.590	-603.023
10592.537	18671.270	-583.548
11220.185	18666.540	-555.585
11885.022	18651.740	-538.651
12589.254	18651.890	-518.205
13335.214	18645.390	-500.442
14125.375	18641.200	-479.726
14962.357	18632.920	-464.406
15848.932	18627.290	-449.881
16788.040	18620.690	-440.869
17782.794	18618.850	-427.716
18836.491	18613.140	-412.838
19952.623	18609.270	-404.979
21134.890	18604.390	-395.971
22387.211	18600.300	-385.280
23713.737	18597.570	-376.396
25118.864	18593.520	-374.681
26607.251	18588.480	-366.028
28183.829	18589.180	-359.144
29853.826	18586.690	-359.669
31622.777	18583.690	-357.882
33496.544	18579.690	-359.112
35481.339	18579.520	-358.158
37583.740	18576.820	-357.097
39810.717	18574.700	-361.845
42169.650	18572.980	-364.394
44668.359	18570.830	-371.837
47315.126	18571.230	-373.435
50118.723	18567.200	-375.227
53088.444	18565.050	-387.576
56234.133	18566.340	-397.130
59566.214	18564.230	-405.961
63095.734	18561.880	-418.953
66834.392	18560.770	-429.621
70794.578	18558.660	-444.299
74989.421	18557.790	-460.384
79432.823	18554.240	-475.037
84139.514	18553.020	-492.328
89125.094	18550.000	-519.399
94406.088	18547.800	-538.376
100000.000	18548.110	-562.120
105925.373	18543.070	-586.328
112201.845	18541.250	-617.582
118850.223	18537.670	-644.665
125892.541	18534.160	-674.399
133352.143	18533.000	-710.566
141253.754	18528.450	-746.410
149623.566	18525.020	-785.736
158489.319	18521.170	-823.679
167880.402	18515.570	-866.337
177827.941	18512.520	-914.106
188364.909	18506.230	-961.396
199526.231	18498.480	-1013.660
211348.904	18492.470	-1068.500
223872.114	18484.870	-1129.448
237137.371	18476.890	-1187.998
251188.643	18465.870	-1254.044
266072.506	18455.750	-1324.203
281838.293	18443.750	-1396.834
298538.262	18428.350	-1475.903
316227.766	18413.450	-1559.082
334965.439	18396.950	-1643.515
354813.389	18377.160	-1737.475
375837.404	18356.610	-1835.379
398107.171	18334.800	-1940.242
421696.503	18307.260	-2050.645
446683.592	18279.400	-2165.276
473151.259	18248.390	-2283.507
501187.234	18210.930	-2411.509
530884.444	18171.250	-2544.963
562341.325	18127.290	-2687.164
595662.144	18076.610	-2833.681
630957.344	18022.340	-2990.802
668343.918	17961.200	-3153.977
707945.784	17895.080	-3324.760
749894.209	17820.520	-3499.210
794328.235	17737.520	-3686.523
841395.142	17646.800	-3882.572
891250.938	17543.190	-4085.063
944060.876	17433.600	-4295.786
1000000.000	17309.440	-4510.801
1059253.725	17173.480	-4737.810
1122018.454	17017.140	-4963.227
1188502.227	16853.040	-5200.129
1258925.412	16674.140	-5439.232
1333521.432	16475.210	-5692.568
1412537.545	16264.250	-5941.873
1496235.656	16031.110	-6192.088
1584893.192	15782.760	-6449.096
1678804.018	15508.670	-6706.363
1778279.410	15219.090	-6957.541
1883649.089	14901.320	-7210.771
1995262.315	14563.110	-7454.275
2113489.040	14201.050	-7688.521
2238721.139	13818.960	-7911.340
2371373.706	13419.100	-8121.500
2511886.432	12997.150	-8317.211
2660725.060	12558.090	-8497.170
2818382.931	12097.400	-8657.750
2985382.619	11624.190	-8797.270
3162277.660	11128.010	-8911.719
3349654.392	10628.780	-8991.789
3548133.892	10119.920	-9056.180
3758374.043	9606.250	-9089.121
3981071.706	9089.514	-9092.375
4216965.034	8574.986	-9068.848
4466835.922	8064.264	-9016.205
4731512.590	7561.991	-8936.602
5011872.336	7067.633	-8832.307
5308844.442	6585.839	-8702.832
5623413.252	6117.224	-8548.389
5956621.435	5666.572	-8372.723
6309573.445	5235.732	-8178.224
6683439.176	4824.961	-7964.359
7079457.844	4439.149	-7739.032
7498942.093	4075.593	-7504.000
7943282.347	3734.665	-7261.158
8413951.416	3416.043	-7013.551
8912509.381	3117.804	-6764.982
9440608.763	2836.124	-6516.913
10000000.000	2566.327	-6262.284
10592537.252	2322.762	-6007.658
11220184.543	2095.531	-5734.489
11885022.274	1904.097	-5480.739
12589254.118	1728.888	-5242.731
13335214.322	1558.852	-5009.966
14125375.446	1404.080	-4807.416
14962356.561	1187.804	-4638.136
15848931.925	947.778	-4343.791
16788040.181	931.756	-4045.070
17782794.100	880.765	-3841.189
18836490.895	812.803	-3652.796
19952623.150	741.111	-3472.142
21134890.398	668.714	-3296.796
22387211.386	588.830	-3122.634
23713737.057	536.121	-2941.214
25118864.315	488.315	-2782.093
26607250.598	441.891	-2631.227
28183829.313	400.163	-2486.421
29853826.189	360.929	-2348.754
31622776.602	322.147	-2218.160
33496543.916	288.954	-2088.806
35481338.923	258.651	-1967.668
37583740.429	232.863	-1852.535
39810717.055	207.273	-1741.822
42169650.343	184.201	-1638.537
44668359.215	160.000	-1537.558
47315125.896	139.995	-1438.868
50118723.363	122.876	-1343.167
53088444.423	105.753	-1253.766
56234132.519	87.909	-1168.931
59566214.353	79.914	-1081.798
63095734.448	66.108	-1005.137
66834391.757	53.831	-929.225
70794578.438	40.821	-858.877
74989420.933	17.996	-782.385
79432823.472	20.454	-694.873
84139514.165	19.609	-634.454
89125093.813	9.148	-567.835
94406087.629	4.451	-499.792
100000000.000	6.569	-443.117
