40.000	6917.051	-1640.303
550039.800	6903.473	-1564.771
1122.018	6887.945	-1493.058
1188.502	6873.562	-1424.636
1258.925	6859.510	-1361.416
1333.521	6846.098	-1301.719
1412.538	6832.390	-1243.438
1496.236	6818.928	-1190.053
1584.893	6806.159	-1139.104
1678.804	6793.495	-1088.204
1778.279	6780.553	-1042.225
1883.649	6767.281	-996.263
1995.262	6755.970	-956.984
2113.489	6742.951	-915.083
2238.721	6732.216	-877.531
2371.374	6719.568	-842.331
2511.886	6706.850	-806.903
2660.725	6696.493	-774.672
2818.383	6685.695	-743.040
2985.383	6672.401	-712.095
3162.278	6662.823	-684.504
3349.654	6651.710	-659.705
3548.134	6641.493	-632.521
3758.374	6630.073	-607.190
3981.072	6620.508	-584.585
4216.965	6609.013	-557.534
4466.836	6601.181	-535.663
4731.513	6590.295	-513.937
5011.872	6580.876	-493.285
5308.844	6573.062	-476.103
5623.413	6565.824	-459.153
5956.621	6555.493	-439.171
6309.573	6545.214	-424.168
6683.439	6539.875	-402.916
7079.458	6530.402	-391.188
7498.942	6524.190	-373.930
7943.282	6517.774	-358.575
8413.951	6512.342	-343.978
8912.509	6506.941	-327.939
9440.609	6501.011	-320.151
10000.000	6493.860	-308.884
10592.537	6486.691	-291.356
11220.185	6481.149	-284.248
11885.022	6475.178	-267.147
12589.254	6470.174	-261.748
13335.214	6466.909	-252.680
14125.375	6462.745	-239.992
14962.357	6456.755	-234.003
15848.932	6452.769	-220.836
16788.040	6447.289	-209.570
17782.794	6444.599	-203.767
18836.491	6442.120	-195.065
19952.623	6437.996	-188.979
21134.890	6434.726	-179.092
22387.211	6432.159	-174.809
23713.737	6431.879	-165.665
25118.864	6427.887	-161.125
26607.251	6424.666	-158.380
28183.829	6423.104	-151.386
29853.826	6421.801	-147.122
31622.777	6418.887	-138.847
33496.544	6417.459	-136.593
35481.339	6416.423	-135.105
37583.740	6413.188	-128.314
39810.717	6413.297	-122.330
42169.650	6413.632	-122.435
44668.359	6410.654	-120.872
47315.126	6409.985	-118.568
50118.723	6408.321	-118.071
53088.444	6407.624	-111.791
56234.133	6404.939	-110.072
59566.214	6404.506	-110.894
63095.734	6402.332	-109.244
66834.392	6402.141	-108.955
70794.578	6402.172	-106.436
74989.421	6399.798	-108.476
79432.823	6401.470	-108.450
84139.514	6398.672	-106.894
89125.094	6398.562	-111.897
94406.088	6398.784	-110.940
100000.000	6396.414	-109.670
105925.373	6397.401	-114.842
112201.845	6397.164	-118.696
118850.223	6396.424	-122.466
125892.541	6396.004	-122.394
133352.143	6393.669	-122.086
141253.754	6395.957	-129.237
149623.566	6394.571	-133.905
158489.319	6394.571	-139.256
167880.402	6392.472	-145.962
177827.941	6393.058	-150.169
188364.909	6391.083	-155.624
199526.231	6391.218	-161.593
211348.904	6390.822	-167.492
223872.114	6389.229	-176.879
237137.371	6388.274	-186.714
251188.643	6388.281	-192.054
266072.506	6386.591	-201.275
281838.293	6386.274	-211.980
298538.262	6384.806	-220.957
316227.766	6384.016	-232.862
334965.439	6383.573	-246.562
354813.389	6381.190	-258.697
375837.404	6379.254	-273.687
398107.171	6378.156	-288.653
421696.503	6374.692	-302.997
446683.592	6373.645	-319.875
473151.259	6371.597	-334.438
501187.234	6369.374	-353.135
530884.444	6366.450	-374.766
562341.325	6362.253	-395.111
595662.144	6358.373	-416.348
630957.344	6355.188	-439.667
668343.918	6351.322	-463.322
707945.784	6346.582	-490.165
749894.209	6340.521	-516.568
794328.235	6334.821	-545.548
841395.142	6329.016	-575.535
891250.938	6321.745	-609.758
944060.876	6313.130	-642.798
1000000.000	6305.200	-678.385
1059253.725	6295.426	-716.747
1122018.454	6284.753	-755.731
1188502.227	6270.817	-797.875
1258925.412	6259.079	-840.477
1333521.432	6246.102	-887.141
1412537.545	6228.706	-935.520
1496235.656	6210.151	-986.137
1584893.192	6192.130	-1038.968
1678804.018	6170.655	-1094.118
1778279.410	6147.127	-1152.860
1883649.089	6120.626	-1215.795
1995262.315	6090.433	-1279.168
2113489.040	6057.830	-1345.526
2238721.139	6023.057	-1414.932
2371373.706	5984.223	-1485.214
2511886.432	5942.474	-1559.482
2660725.060	5897.832	-1637.255
2818382.931	5842.450	-1719.303
2985382.619	5784.408	-1799.249
3162277.660	5721.432	-1884.148
3349654.392	5646.962	-1967.264
3548133.892	5577.743	-2050.940
3758374.043	5498.804	-2137.076
3981071.706	5412.671	-2223.428
4216965.034	5320.712	-2310.801
4466835.922	5221.034	-2396.114
4731512.590	5120.006	-2481.968
5011872.336	5014.480	-2575.573
5308844.442	4884.167	-2681.914
5623413.252	4729.559	-2763.405
5956621.435	4576.751	-2827.324
6309573.445	4426.415	-2888.629
6683439.176	4265.936	-2943.620
7079457.844	4104.521	-2987.501
7498942.093	3941.590	-3027.238
7943282.347	3775.403	-3060.769
8413951.416	3605.761	-3087.955
8912509.381	3433.345	-3107.050
9440608.763	3257.241	-3120.047
10000000.000	3079.733	-3122.547
10592537.252	2896.186	-3128.614
11220184.543	2695.341	-3092.228
11885022.274	2527.970	-3049.656
12589254.118	2363.774	-3006.845
13335214.322	2202.703	-2963.292
14125375.446	2036.632	-2923.478
14962356.561	1862.209	-2851.542
15848931.925	1721.077	-2797.973
16788040.181	1573.484	-2704.696
17782794.100	1431.113	-2609.160
18836490.895	1314.399	-2505.282
19952623.150	1204.978	-2406.384
21134890.398	1106.079	-2310.841
22387211.386	1011.517	-2218.179
23713737.057	923.947	-2128.983
25118864.315	838.366	-2039.163
26607250.598	755.823	-1954.738
28183829.313	668.658	-1861.639
29853826.189	596.804	-1753.782
31622776.602	546.822	-1654.761
33496543.916	496.837	-1569.439
35481338.923	446.120	-1488.656
37583740.429	390.188	-1411.772
39810717.055	345.924	-1311.632
42169650.343	312.919	-1235.077
44668359.215	277.163	-1163.720
47315125.896	230.815	-1104.868
50118723.363	172.923	-987.928
53088444.423	158.818	-913.406
56234132.519	126.999	-837.393
59566214.353	109.090	-752.846
63095734.448	90.144	-678.565
66834391.757	72.922	-601.596
70794578.438	64.685	-522.831
74989420.933	58.915	-451.511
79432823.472	56.257	-384.631
84139514.165	52.789	-322.200
89125093.813	48.449	-259.815
94406087.629	47.447	-200.443
100000000.000	45.590	-145.424
