1000.000	6783.576	-1543.777
1059.254	6773.943	-1472.910
1122.018	6764.010	-1405.373
1188.502	6753.557	-1343.165
1258.925	6743.150	-1283.190
1333.521	6731.911	-1226.921
1412.538	6721.328	-1173.553
1496.236	6710.769	-1122.745
1584.893	6699.749	-1075.311
1678.804	6689.687	-1030.363
1778.279	6677.435	-986.910
1883.649	6666.305	-945.852
1995.262	6656.238	-906.657
2113.489	6643.594	-868.926
2238.721	6632.441	-835.003
2371.374	6621.445	-800.831
2511.886	6609.953	-767.632
2660.725	6599.016	-738.196
2818.383	6587.531	-708.634
2985.383	6576.479	-680.526
3162.278	6567.191	-652.826
3349.654	6556.879	-629.662
3548.134	6545.719	-603.124
3758.374	6534.934	-577.846
3981.072	6524.840	-556.837
4216.965	6514.578	-535.517
4466.836	6504.391	-514.284
4731.513	6496.563	-492.789
5011.872	6486.822	-471.758
5308.844	6477.887	-454.430
5623.413	6467.979	-436.461
5956.621	6459.801	-419.721
6309.573	6453.799	-403.243
6683.439	6445.656	-384.751
7079.458	6438.932	-369.046
7498.942	6431.074	-353.926
7943.282	6425.857	-337.693
8413.951	6418.270	-325.045
8912.509	6412.566	-310.262
9440.609	6406.709	-298.839
10000.000	6400.113	-286.219
10592.537	6397.711	-273.638
11220.185	6392.314	-262.331
11885.022	6387.635	-251.386
12589.254	6383.301	-238.707
13335.214	6377.445	-228.573
14125.375	6376.072	-220.787
14962.357	6370.746	-208.804
15848.932	6366.639	-201.568
16788.040	6363.914	-191.004
17782.794	6360.314	-183.629
18836.491	6358.982	-176.746
19952.623	6356.359	-167.628
21134.890	6353.684	-160.512
22387.211	6350.191	-152.658
23713.737	6349.693	-148.494
25118.864	6348.348	-142.127
26607.251	6344.023	-136.562
28183.829	6342.947	-129.474
29853.826	6342.607	-125.029
31622.777	6339.559	-118.061
33496.544	6339.697	-115.046
35481.339	6337.166	-111.592
37583.740	6336.754	-106.465
39810.717	6335.352	-104.827
42169.650	6334.625	-102.016
44668.359	6332.393	-98.015
47315.126	6332.332	-91.969
50118.723	6332.254	-89.991
53088.444	6331.002	-88.908
56234.133	6330.051	-85.536
59566.214	6330.855	-86.030
63095.734	6330.078	-84.018
66834.392	6329.215	-81.790
70794.578	6328.049	-81.842
74989.421	6328.152	-79.651
79432.823	6328.043	-81.126
84139.514	6326.184	-77.824
89125.094	6326.314	-79.210
94406.088	6325.891	-78.656
100000.000	6324.887	-77.629
105925.373	6325.289	-79.717
112201.845	6324.914	-78.115
118850.223	6324.793	-79.626
125892.541	6325.535	-80.507
133352.143	6324.371	-84.999
141253.754	6323.340	-85.749
149623.566	6322.934	-88.658
158489.319	6323.227	-91.329
167880.402	6322.361	-94.313
177827.941	6321.883	-94.863
188364.909	6322.105	-99.166
199526.231	6322.355	-104.291
211348.904	6321.932	-107.981
223872.114	6321.643	-109.186
237137.371	6321.643	-113.171
251188.643	6320.246	-118.499
266072.506	6319.365	-124.653
281838.293	6319.570	-131.005
298538.262	6319.746	-137.468
316227.766	6319.520	-144.380
334965.439	6319.254	-149.223
354813.389	6319.129	-157.140
375837.404	6317.707	-163.399
398107.171	6316.908	-175.167
421696.503	6315.809	-184.244
446683.592	6315.932	-192.731
473151.259	6314.445	-205.270
501187.234	6312.373	-216.051
530884.444	6312.619	-226.352
562341.325	6310.830	-238.454
595662.144	6309.816	-252.446
630957.344	6308.270	-265.416
668343.918	6308.117	-282.301
707945.784	6307.283	-295.160
749894.209	6304.328	-311.909
794328.235	6302.668	-328.365
841395.142	6299.234	-348.417
891250.938	6297.398	-368.697
944060.876	6294.916	-386.935
1000000.000	6291.301	-410.392
1059253.725	6287.531	-434.292
1122018.454	6282.459	-459.874
1188502.227	6278.838	-485.947
1258925.412	6273.197	-513.420
1333521.432	6267.836	-542.733
1412537.545	6261.910	-572.575
1496235.656	6255.354	-604.384
1584893.192	6247.348	-639.384
1678804.018	6239.002	-675.128
1778279.410	6229.984	-712.249
1883649.089	6219.824	-752.148
1995262.315	6207.789	-793.855
2113489.040	6195.729	-838.185
2238721.139	6181.697	-885.168
2371373.706	6165.676	-933.687
2511886.432	6148.607	-984.635
2660725.060	6129.086	-1038.128
2818382.931	6108.615	-1095.157
2985382.619	6085.070	-1154.202
3162277.660	6059.266	-1216.396
3349654.392	6030.453	-1279.984
3548133.892	5998.949	-1346.775
3758374.043	5963.977	-1417.692
3981071.706	5924.336	-1490.616
4216965.034	5882.438	-1565.195
4466835.922	5835.355	-1642.806
4731512.590	5784.236	-1722.864
5011872.336	5729.492	-1804.861
5308844.442	5672.809	-1891.371
5623413.252	5609.676	-1988.389
5956621.435	5524.611	-2089.814
6309573.445	5430.197	-2175.247
6683439.176	5335.828	-2257.133
7079457.844	5239.530	-2340.636
7498942.093	5137.402	-2425.264
7943282.347	5030.359	-2512.284
8413951.416	4904.906	-2599.522
8912509.381	4778.448	-2674.032
9440608.763	4652.098	-2752.967
10000000.000	4496.647	-2834.876
10592537.252	4342.363	-2890.182
11220184.543	4189.678	-2944.669
11885022.274	4032.389	-2994.665
12589254.118	3871.947	-3041.906
13335214.322	3692.814	-3092.784
14125375.446	3508.496	-3109.885
14962356.561	3334.896	-3116.782
15848931.925	3248.453	-3134.170
16788040.181	3060.160	-3175.676
17782794.100	2867.293	-3172.393
18836490.895	2582.930	-3200.205
19952623.150	2400.936	-3044.854
21134890.398	2271.854	-2976.322
22387211.386	2132.382	-2925.728
23713737.057	1977.115	-2880.610
25118864.315	1815.883	-2804.697
26607250.598	1682.298	-2720.494
28183829.313	1555.692	-2642.886
29853826.189	1430.429	-2568.043
31622776.602	1309.582	-2480.625
33496543.916	1201.689	-2391.955
35481338.923	1100.045	-2307.754
37583740.429	1002.846	-2220.985
39810717.055	905.826	-2139.404
42169650.343	815.816	-2039.366
44668359.215	742.782	-1949.215
47315125.896	675.272	-1861.687
50118723.363	610.735	-1783.184
53088444.423	541.388	-1707.537
56234132.519	475.611	-1624.374
59566214.353	409.994	-1548.951
63095734.448	336.052	-1460.415
66834391.757	281.259	-1355.447
70794578.438	240.560	-1249.305
74989420.933	226.089	-1161.238
79432823.472	201.906	-1086.797
84139514.165	174.161	-1009.712
89125093.813	159.324	-939.771
94406087.629	140.857	-879.883
100000000.000	117.926	-821.457
