Bottle Number:0
11/17/2017 10:58:10 AM
Frequency (Hz),Impedance(Ohms),Phase(Degrees)
1000,8581.45765117,-7418.30746718
1059.254,8523.38443643,-7034.46128729
1122.018,8469.25118177,-6685.7573966
1188.502,8418.26035206,-6359.73856394
1258.925,8370.15465168,-6052.48633283
1333.521,8324.64982079,-5761.52307476
1412.538,8281.53075513,-5485.9360928
1496.236,8240.68420757,-5224.24040463
1584.893,8201.84415776,-4975.42301936
1678.804,8165.02198339,-4739.02992739
1778.279,8130.03566001,-4514.29925471
1883.649,8096.7037292,-4300.61442579
1995.262,8065.07060787,-4097.49818777
2113.489,8034.86551312,-3903.92092517
2238.721,8006.09427105,-3719.92619914
2371.374,7978.49795321,-3544.9769866
2511.886,7952.07848773,-3378.54960389
2660.725,7926.72772332,-3220.45166985
2818.383,7902.37093692,-3070.22351033
2985.383,7878.90664616,-2927.73735062
3162.278,7856.37119586,-2792.49438666
3349.654,7834.55442701,-2664.10550103
3548.134,7813.45874632,-2542.06636023
3758.374,7792.94519077,-2426.25620749
3981.072,7773.01299494,-2316.50960365
4216.965,7753.52530675,-2212.52389254
4466.836,7734.50304545,-2113.99271334
4731.513,7715.80690883,-2020.71378911
5011.872,7697.40987549,-1932.258473
5308.844,7679.26039205,-1848.39485623
5623.413,7661.34458303,-1768.96638835
5956.621,7643.54287819,-1693.77469658
6309.573,7625.91620884,-1622.51571277
6683.439,7608.37048786,-1555.12859673
7079.458,7590.89389584,-1491.32828461
7498.942,7573.49025385,-1430.79500885
7943.282,7556.07407142,-1373.3200052
8413.951,7538.65891851,-1318.77743563
8912.509,7521.23869319,-1266.89681344
9440.609,7503.8348209,-1217.55537607
10000,7486.44906861,-1170.52056616
10592.537,7469.11189143,-1125.82202695
11220.185,7451.79046778,-1083.10412218
11885.022,7434.55138159,-1042.29944965
12589.254,7417.4440969,-1003.21531508
13335.214,7400.39381258,-965.754089085
14125.375,7383.55010124,-929.771207963
14962.357,7366.86294005,-895.170707778
15848.932,7350.441175,-861.880093815
16788.04,7334.27674405,-829.822297695
17782.794,7318.38767212,-798.895025665
18836.491,7302.86294261,-769.021568897
19952.623,7287.66510831,-740.207433292
21134.89,7272.90048343,-712.399400332
22387.211,7258.50784882,-685.537428208
23713.737,7244.60170622,-659.580878736
25118.864,7231.1091626,-634.430985973
26607.251,7218.13995324,-610.131600012
28183.829,7205.59872377,-586.664722301
29853.826,7193.57580724,-563.947064661
31622.777,7182.03726265,-542.040780852
33496.544,7171.0017104,-520.888987894
35481.339,7160.42735691,-500.488551983
37583.74,7150.36330518,-480.773738982
39810.717,7140.77993519,-461.838448406
42169.65,7131.62653895,-443.561997053
44668.359,7122.9372775,-426.065498651
47315.126,7114.7224013,-409.192211361
50118.723,7106.85235387,-393.03403481
53088.444,7099.42177867,-377.544185546
56234.133,7092.3673294,-362.686150765
59566.214,7085.68868751,-348.482915615
63095.734,7079.38107959,-334.930480326
66834.392,7073.42023151,-321.981448424
70794.578,7067.77689345,-309.65289335
74989.421,7062.44805716,-297.904587924
79432.823,7057.41200876,-286.75780712
84139.514,7052.6278145,-276.189508941
89125.094,7048.15350389,-266.180684166
94406.088,7043.91164529,-256.762098555
100000,7039.85167846,-247.884660466
105925.373,7036.02269321,-239.524002687
112201.845,7032.41778634,-231.645101559
118850.223,7029.02232277,-224.329686853
125892.541,7025.8020488,-217.508290958
133352.143,7022.76997833,-211.152704445
141253.754,7019.87248676,-205.274512182
149623.566,7017.11764035,-199.892050165
158489.319,7014.52928599,-194.955416762
167880.402,7012.06359523,-190.501196822
177827.941,7009.67003691,-186.529923239
188364.909,7007.44945318,-182.964296678
199526.231,7005.28457426,-179.856156364
211348.904,7003.24429354,-177.143642975
223872.114,7001.26972858,-174.86894887
237137.371,6999.38075244,-173.07801133
251188.643,6997.56586516,-171.753864612
266072.506,6995.83435458,-170.84481501
281838.293,6994.14059969,-170.40652766
298538.262,6992.55381356,-170.397104266
316227.766,6991.0027946,-170.833149024
334965.439,6989.47893257,-171.75471783
354813.389,6988.04893758,-173.160864567
375837.404,6986.65367849,-175.055647088
398107.171,6985.25653383,-177.468136121
421696.503,6983.82223001,-180.343111851
446683.592,6982.47521666,-183.695968858
473151.259,6981.18478332,-187.599593158
501187.234,6979.89694767,-192.144189136
530884.444,6978.73603986,-197.414925092
562341.325,6977.54169167,-203.152859661
595662.144,6976.28412801,-209.394649541
630957.344,6975.00889945,-216.331352325
668343.918,6973.66195437,-223.801958452
707945.784,6972.1664036,-231.870821407
749894.209,6970.63659322,-240.554664317
794328.235,6968.99565589,-249.947733962
841395.142,6967.26335981,-260.000781002
891250.938,6965.41483818,-270.772839088
944060.876,6963.05252587,-282.424704819
1000000,6960.82992874,-295.102208752
1059253.725,6958.93436883,-309.044235747
1122018.454,6956.39515767,-323.42285385
1188502.227,6953.55726933,-338.580161555
1258925.412,6951.50879071,-355.31308032
1333521.432,6948.72508398,-372.984689437
1412537.545,6945.41070818,-391.643187627
1496235.656,6940.54666047,-412.431327202
1584893.192,6937.88272661,-432.42620547
1678804.018,6933.1847183,-455.082372731
1778279.41,6928.17678442,-478.63611609
1883649.089,6923.57118301,-502.969061724
1995262.315,6918.19544282,-531.644397449
2113489.04,6912.8435052,-559.100494649
2238721.139,6906.16084273,-587.696101984
2371373.706,6899.77588732,-621.098924691
2511886.432,6891.93531369,-654.050558127
2660725.06,6884.55893854,-690.337272894
2818382.931,6873.87806407,-727.069161646
2985382.619,6863.15062912,-766.715277622
3162277.66,6850.1418295,-809.288915274
3349654.392,6839.84061628,-853.901415536
3548133.892,6824.56344485,-897.412107498
3758374.043,6807.45863061,-947.614770783
3981071.706,6791.36434822,-996.617790371
4216965.034,6772.01677115,-1050.02650315
4466835.922,6751.19396436,-1106.88220467
4731512.59,6726.27576712,-1166.85035733
5011872.336,6700.42188462,-1225.87750859
5308844.442,6673.42676808,-1290.55022085
5623413.252,6641.80396197,-1357.63304841
5956621.435,6607.13921698,-1428.08921176
6309573.445,6571.27154449,-1499.80710304
6683439.176,6527.86340717,-1573.97788266
7079457.844,6483.80984299,-1652.44426232
7498942.093,6432.74022765,-1734.27285402
7943282.347,6378.84476983,-1815.36830666
8413951.416,6315.97142273,-1901.27793603
8912509.381,6251.44682625,-1989.45137438
9440608.763,6179.23264141,-2078.60617662
10000000,6099.49172906,-2168.53151476
10592537.252,6015.09245031,-2258.09360601
11220184.543,5922.71565549,-2351.96151446
11885022.274,5822.22487523,-2443.65451027
12589254.118,5715.63485257,-2534.46215404
13335214.322,5600.47524175,-2623.83955605
14125375.446,5477.89803682,-2710.77820823
14962356.561,5347.8383499,-2795.77322491
15848931.925,5297.4488245,-2812.61287517
16788040.181,5159.19721338,-2889.72126066
17782794.1,5011.69165424,-2962.66634786
18836490.895,4857.76123288,-3033.36800363
19952623.15,4694.12410732,-3097.30820362
21134890.398,4521.96593765,-3146.95335228
22387211.386,4351.01854975,-3191.90200799
23713737.057,4175.64635171,-3232.36604124
25118864.315,3986.83405281,-3263.26199223
26607250.598,3800.47333259,-3273.24349721
28183829.313,3620.51947954,-3280.10677759
29853826.189,3425.57408785,-3280.55514135
31622776.602,3248.41615083,-3259.9621223
33496543.916,3059.56999966,-3255.44885491
35481338.923,2865.23169855,-3199.1018315
37583740.429,2700.69613712,-3149.06584948
39810717.055,2536.50093944,-3098.56445852
42169650.343,2376.09796594,-3041.03798993
44668359.215,2220.43937233,-2979.90091847
47315125.896,2069.38298892,-2909.03567988
50118723.363,1927.27984781,-2834.18092012
53088444.423,1790.66580908,-2756.89276
56234132.519,1661.34372587,-2675.17110642
59566214.353,1538.00066734,-2590.70725791
63095734.448,1421.79058241,-2504.68762656
66834391.757,1311.54563741,-2416.95758408
70794578.438,1207.44234538,-2327.24588278
74989420.933,1109.53986282,-2235.79999993
79432823.472,1018.25462105,-2145.34475625
84139514.165,931.523469735,-2052.72116566
89125093.813,852.859606329,-1962.39897817
94406087.629,775.969665383,-1870.0905206
