Bottle Number:0
11/17/2017 2:53:34 PM
Frequency (Hz),Impedance(Ohms),Phase(Degrees)
1000,8718.18322518,-6815.79094829
1059.254,8661.6030931,-6473.44553523
1122.018,8608.62523592,-6158.55171127
1188.502,8558.35505157,-5862.66584471
1258.925,8510.50781951,-5583.15458012
1333.521,8464.87383389,-5317.94109383
1412.538,8421.26709169,-5066.63549958
1496.236,8379.5519981,-4827.85212415
1584.893,8339.56637288,-4600.89796939
1678.804,8301.34689173,-4385.18266695
1778.279,8264.71332675,-4180.13289102
1883.649,8229.63127157,-3985.11586218
1995.262,8196.02481024,-3799.73668826
2113.489,8163.74357633,-3623.1231421
2238.721,8132.76242323,-3455.24899821
2371.374,8102.90285859,-3295.61425821
2511.886,8074.1541111,-3143.72449716
2660.725,8046.43749593,-2999.42323786
2818.383,8019.7380529,-2862.28929855
2985.383,7993.93818988,-2732.15596514
3162.278,7969.00702363,-2608.51814936
3349.654,7944.84669581,-2491.14985034
3548.134,7921.42385701,-2379.52268719
3758.374,7898.65425221,-2273.54184673
3981.072,7876.47724676,-2172.98576011
4216.965,7854.82227,-2077.61133589
4466.836,7833.68419348,-1987.1736203
4731.513,7812.93263281,-1901.4368085
5011.872,7792.53567863,-1819.99281301
5308.844,7772.49586612,-1742.76963584
5623.413,7752.78028387,-1669.38035342
5956.621,7733.25023828,-1599.80480389
6309.573,7714.02433729,-1533.76310281
6683.439,7694.95699138,-1471.11150863
7079.458,7676.12335072,-1411.70446225
7498.942,7657.44680383,-1355.23872416
7943.282,7638.83198334,-1301.44978798
8413.951,7620.40724525,-1250.21847434
8912.509,7602.11722675,-1201.38978137
9440.609,7583.97921101,-1154.81565549
10000,7565.97985565,-1110.31124602
10592.537,7548.17797945,-1067.90356479
11220.185,7530.56344291,-1027.22638443
11885.022,7513.15716144,-988.328560513
12589.254,7495.99252004,-950.997702953
13335.214,7479.10180923,-915.11921682
14125.375,7462.49024143,-880.669221108
14962.357,7446.20060609,-847.472246143
15848.932,7430.25372243,-815.49728318
16788.04,7414.6265437,-784.72528026
17782.794,7399.45620994,-754.984723433
18836.491,7384.662359,-726.345877273
19952.623,7370.28036531,-698.686178641
21134.89,7356.42804282,-672.032161994
22387.211,7342.99621955,-646.363382609
23713.737,7330.01619499,-621.575013663
25118.864,7317.51016464,-597.637266637
26607.251,7305.51640345,-574.557223239
28183.829,7293.94296918,-552.32627885
29853.826,7282.90193261,-530.848806109
31622.777,7272.32174494,-510.193142206
33496.544,7262.22044184,-490.274824472
35481.339,7252.58020275,-471.168841484
37583.74,7243.37430781,-452.77383182
39810.717,7234.5981519,-435.111007272
42169.65,7226.24772998,-418.147309007
44668.359,7218.30994593,-401.901195214
47315.126,7210.75164824,-386.355215794
50118.723,7203.55132871,-371.488669327
53088.444,7196.69500104,-357.276547907
56234.133,7190.18141648,-343.703962909
59566.214,7183.98906739,-330.791568818
63095.734,7178.12737401,-318.421333966
66834.392,7172.53624893,-306.717757636
70794.578,7167.23505543,-295.587051065
74989.421,7162.20673613,-285.074930949
79432.823,7157.43990935,-275.094235447
84139.514,7152.83189152,-265.684863983
89125.094,7148.5267947,-256.820657949
94406.088,7144.35765858,-248.449671133
100000,7140.38462237,-240.62686771
105925.373,7136.587171,-233.352888241
112201.845,7132.98576378,-226.518876219
118850.223,7129.55438709,-220.192026221
125892.541,7126.23262237,-214.33181675
133352.143,7123.08911977,-208.937699458
141253.754,7120.02147135,-204.00466039
149623.566,7117.10004304,-199.514274656
158489.319,7114.27990633,-195.474421898
167880.402,7111.58586619,-191.869480653
177827.941,7108.96281555,-188.702546109
188364.909,7106.45541371,-185.999710621
199526.231,7104.01331995,-183.652525873
211348.904,7101.58669732,-181.741426095
223872.114,7099.23514774,-180.214019348
237137.371,7097.01356235,-179.147229392
251188.643,7094.80656497,-178.530123834
266072.506,7092.64525694,-178.310095786
281838.293,7090.52074471,-178.542245092
298538.262,7088.46487677,-179.20849517
316227.766,7086.43012791,-180.303726708
334965.439,7084.38925027,-181.853099486
354813.389,7082.42713036,-183.833451762
375837.404,7080.51285568,-186.340501878
398107.171,7078.55768922,-189.354144338
421696.503,7076.59359894,-192.803102121
446683.592,7074.685231,-196.742612936
473151.259,7072.79369809,-201.180886557
501187.234,7070.92921215,-206.224977294
530884.444,7069.10670166,-212.036107577
562341.325,7067.31339226,-218.320472422
595662.144,7065.41528023,-225.041381696
630957.344,7063.47332065,-232.467661239
668343.918,7061.44686832,-240.425114232
707945.784,7059.31502093,-248.997562221
749894.209,7057.05856006,-258.163879549
794328.235,7054.70478829,-268.045941583
841395.142,7052.31013713,-278.483381018
891250.938,7049.68787275,-289.77137767
944060.876,7046.6859332,-301.876852765
1000000,7043.70446899,-315.037268839
1059253.725,7041.03083553,-329.433167221
1122018.454,7037.6995415,-344.288325019
1188502.227,7034.1722834,-359.877046819
1258925.412,7031.29037265,-377.056826254
1333521.432,7027.7403895,-395.257529096
1412537.545,7023.5984235,-414.363586163
1496235.656,7016.86849791,-436.609472233
1584893.192,7013.5048139,-457.180260172
1678804.018,7009.20428241,-479.125429366
1778279.41,7003.55130851,-504.094245305
1883649.089,6997.07419151,-527.842150897
1995262.315,6991.39457659,-554.464963894
2113489.04,6984.9171206,-584.13390724
2238721.139,6976.93544422,-615.231034816
2371373.706,6969.82536895,-647.203850962
2511886.432,6962.30901563,-682.248806694
2660725.06,6953.20509519,-719.363232795
2818382.931,6941.99085196,-757.472528586
2985382.619,6930.67323092,-797.428411856
3162277.66,6917.09815432,-839.004410864
3349654.392,6901.35909533,-883.355790474
3548133.892,6886.90940287,-929.280303616
3758374.043,6869.88948868,-977.845584791
3981071.706,6851.56675269,-1030.00109751
4216965.034,6832.32026853,-1083.72936658
4466835.922,6808.84941286,-1141.34779881
4731512.59,6785.28595558,-1198.97574309
5011872.336,6757.98015113,-1261.83239079
5308844.442,6728.04496726,-1326.04147592
5623413.252,6696.22224691,-1395.77958068
5956621.435,6658.73171665,-1465.25143921
6309573.445,6620.26737206,-1538.88198019
6683439.176,6575.61571009,-1612.51838625
7079457.844,6528.62871135,-1692.61514835
7498942.093,6477.13100193,-1773.43795745
7943282.347,6418.98323326,-1856.47431828
8413951.416,6358.39110164,-1943.09442778
8912509.381,6287.897027,-2030.32703297
9440608.763,6212.75811599,-2120.17898615
10000000,6134.08674833,-2210.23829613
10592537.252,6045.23797581,-2302.48025284
11220184.543,5950.56766826,-2394.04676806
11885022.274,5848.64760714,-2485.51019198
12589254.118,5739.24495886,-2575.90502089
13335214.322,5621.78891587,-2666.39065336
14125375.446,5497.8096627,-2752.64142563
14962356.561,5363.5118037,-2836.53058176
15848931.925,5313.05273245,-2851.92740842
16788040.181,5171.19876969,-2928.45308672
17782794.1,5022.54948145,-3000.64443821
18836490.895,4867.731601,-3071.12946825
19952623.15,4699.65247594,-3132.5305079
21134890.398,4526.74623678,-3182.23552163
22387211.386,4354.31147858,-3224.07611745
23713737.057,4176.59752343,-3263.58652212
25118864.315,3984.98961519,-3290.61539351
26607250.598,3798.76595616,-3300.6681221
28183829.313,3617.11755829,-3305.4967619
29853826.189,3422.62492469,-3301.23016354
31622776.602,3244.92076106,-3282.56623319
33496543.916,3052.80610486,-3277.20989915
35481338.923,2859.57229371,-3216.44595621
37583740.429,2696.03128243,-3165.54866782
39810717.055,2531.70313437,-3113.39253976
42169650.343,2371.39166967,-3054.73335123
44668359.215,2215.97152487,-2993.02763717
47315125.896,2063.91427813,-2920.58857517
50118723.363,1921.94869851,-2844.59406909
53088444.423,1785.67488147,-2766.55173525
56234132.519,1656.43825249,-2683.63650993
59566214.353,1533.46737038,-2598.55876478
63095734.448,1417.54358973,-2512.33390356
66834391.757,1307.20938243,-2423.57723606
70794578.438,1203.18767906,-2333.38440187
74989420.933,1105.90348562,-2241.03447168
79432823.472,1013.86874738,-2149.68780909
84139514.165,927.817743666,-2056.53128536
89125093.813,848.81812491,-1966.22033469
94406087.629,772.762665147,-1872.94138937
