Bottle Number:0
11/17/2017 3:18:50 PM
Frequency (Hz),Impedance(Ohms),Phase(Degrees)
1000,8730.19772102,-6890.75034242
1059.254,8672.2741416,-6545.97151433
1122.018,8617.90545999,-6228.48945682
1188.502,8566.28427875,-5930.0509167
1258.925,8517.10409624,-5647.91985659
1333.521,8470.22565348,-5380.27798973
1412.538,8425.41247555,-5126.45374574
1496.236,8382.56977087,-4885.28611024
1584.893,8341.46949117,-4655.98485423
1678.804,8302.17296724,-4438.05031273
1778.279,8264.53534727,-4230.81746748
1883.649,8228.48266091,-4033.73149283
1995.262,8193.96059221,-3846.30894861
2113.489,8160.84514498,-3667.70770166
2238.721,8129.05017119,-3497.91726699
2371.374,8098.43753052,-3336.42581709
2511.886,8068.91585577,-3182.770301
2660.725,8040.55217074,-3036.78811775
2818.383,8013.19836816,-2897.90786314
2985.383,7986.78339634,-2766.1455631
3162.278,7961.28420284,-2640.99161722
3349.654,7936.61822548,-2522.09256513
3548.134,7912.71153172,-2409.01013381
3758.374,7889.4809892,-2301.64072706
3981.072,7866.90743164,-2199.71020579
4216.965,7844.8979078,-2103.00342416
4466.836,7823.38192037,-2011.35896146
4731.513,7802.34439116,-1924.38903739
5011.872,7781.70220046,-1841.80252341
5308.844,7761.41048253,-1763.42154044
5623.413,7741.41553516,-1688.99023724
5956.621,7721.76043257,-1618.38966789
6309.573,7702.33887704,-1551.37490402
6683.439,7683.12934277,-1487.80697757
7079.458,7664.11145162,-1427.52613933
7498.942,7645.32614436,-1370.17168609
7943.282,7626.68075308,-1315.63468033
8413.951,7608.21232148,-1263.63968663
8912.509,7589.84251847,-1214.11392302
9440.609,7571.67523083,-1166.89286715
10000,7553.65446508,-1121.7940835
10592.537,7535.82818902,-1078.78642725
11220.185,7518.19935468,-1037.61651934
11885.022,7500.79692752,-998.195686813
12589.254,7483.62175692,-960.371874745
13335.214,7466.69422352,-924.097970812
14125.375,7450.09101456,-889.205410488
14962.357,7433.82720193,-855.714866676
15848.932,7417.84600587,-823.391195123
16788.04,7402.2361469,-792.302081996
17782.794,7387.00904967,-762.310624736
18836.491,7372.21976648,-733.384756977
19952.623,7357.81100707,-705.50562522
21134.89,7343.88119564,-678.684879268
22387.211,7330.43447261,-652.790499732
23713.737,7317.39166943,-627.821245221
25118.864,7304.88671682,-603.704977096
26607.251,7292.78781228,-580.513735737
28183.829,7281.22874851,-558.087908537
29853.826,7270.11556091,-536.525910999
31622.777,7259.45304876,-515.762156816
33496.544,7249.28146498,-495.748315674
35481.339,7239.54668904,-476.528207671
37583.74,7230.29950782,-458.03128253
39810.717,7221.43135083,-440.316273514
42169.65,7212.98040602,-423.313925737
44668.359,7204.97662922,-407.017177376
47315.126,7197.32863293,-391.417848757
50118.723,7190.08077233,-376.481486983
53088.444,7183.12048104,-362.251708606
56234.133,7176.49817169,-348.638868949
59566.214,7170.21439361,-335.705270567
63095.734,7164.25461259,-323.340259092
66834.392,7158.58397688,-311.619597992
70794.578,7153.17471099,-300.476930716
74989.421,7148.01638588,-289.965041604
79432.823,7143.08859765,-280.004052695
84139.514,7138.40312635,-270.569120035
89125.094,7133.99790723,-261.753442342
94406.088,7129.731552,-253.424356869
100000,7125.61637189,-245.693219562
105925.373,7121.69681587,-238.390668501
112201.845,7117.95624119,-231.604125523
118850.223,7114.37624977,-225.325317885
125892.541,7110.89925641,-219.507842204
133352.143,7107.57450368,-214.184350981
141253.754,7104.37898795,-209.293740099
149623.566,7101.27239586,-204.861883147
158489.319,7098.32742607,-200.83956633
167880.402,7095.43396707,-197.313459155
177827.941,7092.59929631,-194.193696374
188364.909,7089.87522316,-191.53401008
199526.231,7087.21777905,-189.248272129
211348.904,7084.57919923,-187.398574862
223872.114,7082.03509673,-185.938084172
237137.371,7079.59068891,-184.929742751
251188.643,7077.16447856,-184.320447826
266072.506,7074.76133389,-184.132141087
281838.293,7072.41705697,-184.409860688
298538.262,7070.08582853,-185.068665023
316227.766,7067.78891535,-186.178183081
334965.439,7065.56313415,-187.717893612
354813.389,7063.36102944,-189.742660772
375837.404,7061.17268326,-192.218235652
398107.171,7058.93804348,-195.215652522
421696.503,7056.7489951,-198.635410475
446683.592,7054.55421367,-202.54826598
473151.259,7052.43841397,-206.947786612
501187.234,7050.32983258,-211.987914251
530884.444,7048.27493735,-217.763696354
562341.325,7046.20287029,-223.938367293
595662.144,7044.11044233,-230.648105931
630957.344,7041.89953319,-238.005081204
668343.918,7039.65749342,-245.902192087
707945.784,7037.2759379,-254.35881171
749894.209,7034.80918972,-263.436259924
794328.235,7032.2636565,-273.269615655
841395.142,7029.56245618,-283.651422148
891250.938,7026.82639529,-294.830734844
944060.876,7023.54989397,-306.866096889
1000000,7020.3572119,-319.907891313
1059253.725,7017.43565326,-334.197181527
1122018.454,7013.99072981,-348.973424471
1188502.227,7010.23799509,-364.48564931
1258925.412,7007.12621274,-381.532086132
1333521.432,7003.3786345,-399.594649367
1412537.545,6999.01111191,-418.623440229
1496235.656,6992.13852261,-439.512145879
1584893.192,6989.20315709,-459.41689442
1678804.018,6984.16051741,-483.361881388
1778279.41,6978.56130476,-508.61111921
1883649.089,6971.46689667,-532.434499891
1995262.315,6965.78440165,-559.469841253
2113489.04,6958.67400491,-588.610383016
2238721.139,6951.79265549,-618.561161954
2371373.706,6945.8178777,-651.188244334
2511886.432,6934.88247913,-685.155062364
2660725.06,6925.42380197,-721.402098987
2818382.931,6914.75709416,-759.199792006
2985382.619,6901.79218984,-799.61394334
3162277.66,6890.65683833,-839.423432733
3349654.392,6875.34979342,-885.1598833
3548133.892,6859.62664951,-932.263277415
3758374.043,6841.58657765,-979.015776259
3981071.706,6822.77309886,-1028.82074146
4216965.034,6802.92516797,-1085.74733174
4466835.922,6779.8107052,-1140.09356492
4731512.59,6754.69675039,-1199.01650001
5011872.336,6727.27130285,-1260.85332117
5308844.442,6698.62582441,-1324.42120739
5623413.252,6664.9370012,-1393.14789934
5956621.435,6628.79928993,-1461.14246678
6309573.445,6589.69546779,-1534.09695983
6683439.176,6546.46285905,-1610.3197538
7079457.844,6499.12904973,-1686.69944662
7498942.093,6446.00340166,-1767.64160194
7943282.347,6389.86178621,-1847.94694123
8413951.416,6326.51903654,-1935.13959092
8912509.381,6258.01753007,-2021.13117675
9440608.763,6185.36793993,-2108.77871759
10000000,6105.25966133,-2199.28151064
10592537.252,6016.91243071,-2289.8555204
11220184.543,5923.47469368,-2379.26111134
11885022.274,5821.44441025,-2469.31289033
12589254.118,5713.70017656,-2561.17573553
13335214.322,5597.73763018,-2649.26887329
14125375.446,5473.30081482,-2734.4917324
14962356.561,5340.79651323,-2819.47830442
15848931.925,5291.21658729,-2833.25949365
16788040.181,5150.56585632,-2909.22844475
17782794.1,5003.14915037,-2979.65084691
18836490.895,4849.06947647,-3049.68314672
19952623.15,4682.42940182,-3113.516728
21134890.398,4511.90991885,-3160.18862142
22387211.386,4341.4225943,-3202.90413945
23713737.057,4164.70359771,-3241.21805329
25118864.315,3975.59597217,-3269.89601626
26607250.598,3791.62731768,-3279.73141802
28183829.313,3610.28300072,-3286.22295757
29853826.189,3416.942363,-3281.64746203
31622776.602,3241.27972404,-3263.92506943
33496543.916,3048.89836052,-3258.5465926
35481338.923,2857.85847012,-3200.45895369
37583740.429,2694.85281514,-3150.43227126
39810717.055,2531.19383337,-3099.17730367
42169650.343,2371.13616883,-3041.58551071
44668359.215,2216.55888954,-2979.90204818
47315125.896,2065.79790874,-2908.95551457
50118723.363,1923.78782729,-2834.42731978
53088444.423,1787.43113746,-2756.80223189
56234132.519,1658.07155556,-2674.94971628
59566214.353,1535.30279799,-2590.35468224
63095734.448,1419.42651412,-2504.86836377
66834391.757,1309.15914247,-2417.13430889
70794578.438,1204.83416173,-2327.25889169
74989420.933,1107.24196777,-2235.31631496
79432823.472,1015.36660943,-2144.67136297
84139514.165,929.48167224,-2052.05860745
89125093.813,850.285577517,-1961.70717246
94406087.629,774.111983191,-1868.71507163
