4294A REV1.11
"DATE: Apr 30 2017"


"MEASURE PARAMETER: IMPEDANCE RESISTANCE - REACTANCE"
"ADAPTER: NONE"
"SWEEP TYPE: LOG FREQ"
"NUMBER of POINTS: 201"
"POINT DELAY TIME:  0 Sec"
"SWEEP DELAY TIME:  0 Sec"
"OSC LEVEL:  500 mVolt"
"DC BIAS: OFF"
"BW: 1"
"SWEEP AVERAGING: 8"
"POINT AVERAGING: 4"


"TRACE: A"
"FORMAT: LINEAR"

"Frequency"	"Data Trace Real"	"Data Trace Imag"
1.00000000000e+03	8.233621e+03	0.000000e+00
1.05925400000e+03	8.180657e+03	0.000000e+00
1.12201800000e+03	8.131334e+03	0.000000e+00
1.18850200000e+03	8.083722e+03	0.000000e+00
1.25892500000e+03	8.039138e+03	0.000000e+00
1.33352100000e+03	7.996444e+03	0.000000e+00
1.41253800000e+03	7.954951e+03	0.000000e+00
1.49623600000e+03	7.916021e+03	0.000000e+00
1.58489300000e+03	7.879402e+03	0.000000e+00
1.67880400000e+03	7.843998e+03	0.000000e+00
1.77827900000e+03	7.810593e+03	0.000000e+00
1.88364900000e+03	7.778147e+03	0.000000e+00
1.99526200000e+03	7.746870e+03	0.000000e+00
2.11348900000e+03	7.716875e+03	0.000000e+00
2.23872100000e+03	7.688521e+03	0.000000e+00
2.37137400000e+03	7.661197e+03	0.000000e+00
2.51188600000e+03	7.634944e+03	0.000000e+00
2.66072500000e+03	7.609811e+03	0.000000e+00
2.81838300000e+03	7.584886e+03	0.000000e+00
2.98538300000e+03	7.561588e+03	0.000000e+00
3.16227800000e+03	7.538934e+03	0.000000e+00
3.34965400000e+03	7.517394e+03	0.000000e+00
3.54813400000e+03	7.495450e+03	0.000000e+00
3.75837400000e+03	7.475562e+03	0.000000e+00
3.98107200000e+03	7.455427e+03	0.000000e+00
4.21696500000e+03	7.435577e+03	0.000000e+00
4.46683600000e+03	7.416332e+03	0.000000e+00
4.73151300000e+03	7.398056e+03	0.000000e+00
5.01187200000e+03	7.379206e+03	0.000000e+00
5.30884400000e+03	7.361720e+03	0.000000e+00
5.62341300000e+03	7.343941e+03	0.000000e+00
5.95662100000e+03	7.326515e+03	0.000000e+00
6.30957300000e+03	7.310520e+03	0.000000e+00
6.68343900000e+03	7.292475e+03	0.000000e+00
7.07945800000e+03	7.274604e+03	0.000000e+00
7.49894200000e+03	7.259197e+03	0.000000e+00
7.94328200000e+03	7.242136e+03	0.000000e+00
8.41395100000e+03	7.225721e+03	0.000000e+00
8.91250900000e+03	7.209027e+03	0.000000e+00
9.44060900000e+03	7.193122e+03	0.000000e+00
1.00000000000e+04	7.177730e+03	0.000000e+00
1.05925370000e+04	7.159603e+03	0.000000e+00
1.12201850000e+04	7.144161e+03	0.000000e+00
1.18850220000e+04	7.127415e+03	0.000000e+00
1.25892540000e+04	7.113219e+03	0.000000e+00
1.33352140000e+04	7.097521e+03	0.000000e+00
1.41253750000e+04	7.082234e+03	0.000000e+00
1.49623570000e+04	7.067400e+03	0.000000e+00
1.58489320000e+04	7.052316e+03	0.000000e+00
1.67880400000e+04	7.038050e+03	0.000000e+00
1.77827940000e+04	7.024292e+03	0.000000e+00
1.88364910000e+04	7.010949e+03	0.000000e+00
1.99526230000e+04	6.996215e+03	0.000000e+00
2.11348900000e+04	6.984241e+03	0.000000e+00
2.23872110000e+04	6.971040e+03	0.000000e+00
2.37137370000e+04	6.959821e+03	0.000000e+00
2.51188640000e+04	6.947891e+03	0.000000e+00
2.66072510000e+04	6.936381e+03	0.000000e+00
2.81838290000e+04	6.925686e+03	0.000000e+00
2.98538260000e+04	6.915184e+03	0.000000e+00
3.16227770000e+04	6.906027e+03	0.000000e+00
3.34965440000e+04	6.896037e+03	0.000000e+00
3.54813390000e+04	6.888087e+03	0.000000e+00
3.75837400000e+04	6.878444e+03	0.000000e+00
3.98107170000e+04	6.870830e+03	0.000000e+00
4.21696500000e+04	6.862778e+03	0.000000e+00
4.46683590000e+04	6.854944e+03	0.000000e+00
4.73151260000e+04	6.848024e+03	0.000000e+00
5.01187230000e+04	6.840865e+03	0.000000e+00
5.30884440000e+04	6.833965e+03	0.000000e+00
5.62341330000e+04	6.828713e+03	0.000000e+00
5.95662140000e+04	6.822168e+03	0.000000e+00
6.30957340000e+04	6.816822e+03	0.000000e+00
6.68343920000e+04	6.812271e+03	0.000000e+00
7.07945780000e+04	6.806450e+03	0.000000e+00
7.49894210000e+04	6.802351e+03	0.000000e+00
7.94328230000e+04	6.797836e+03	0.000000e+00
8.41395140000e+04	6.793066e+03	0.000000e+00
8.91250940000e+04	6.788861e+03	0.000000e+00
9.44060880000e+04	6.785032e+03	0.000000e+00
1.00000000000e+05	6.781834e+03	0.000000e+00
1.05925373000e+05	6.777738e+03	0.000000e+00
1.12201845000e+05	6.774415e+03	0.000000e+00
1.18850223000e+05	6.771629e+03	0.000000e+00
1.25892541000e+05	6.768250e+03	0.000000e+00
1.33352143000e+05	6.765496e+03	0.000000e+00
1.41253754000e+05	6.762501e+03	0.000000e+00
1.49623566000e+05	6.759916e+03	0.000000e+00
1.58489319000e+05	6.757614e+03	0.000000e+00
1.67880402000e+05	6.754592e+03	0.000000e+00
1.77827941000e+05	6.752370e+03	0.000000e+00
1.88364909000e+05	6.750067e+03	0.000000e+00
1.99526231000e+05	6.747717e+03	0.000000e+00
2.11348904000e+05	6.745754e+03	0.000000e+00
2.23872114000e+05	6.743667e+03	0.000000e+00
2.37137371000e+05	6.741384e+03	0.000000e+00
2.51188643000e+05	6.740016e+03	0.000000e+00
2.66072506000e+05	6.737380e+03	0.000000e+00
2.81838293000e+05	6.735317e+03	0.000000e+00
2.98538262000e+05	6.733631e+03	0.000000e+00
3.16227766000e+05	6.731613e+03	0.000000e+00
3.34965439000e+05	6.730339e+03	0.000000e+00
3.54813389000e+05	6.728286e+03	0.000000e+00
3.75837404000e+05	6.726193e+03	0.000000e+00
3.98107171000e+05	6.724946e+03	0.000000e+00
4.21696503000e+05	6.722900e+03	0.000000e+00
4.46683592000e+05	6.721246e+03	0.000000e+00
4.73151259000e+05	6.719515e+03	0.000000e+00
5.01187234000e+05	6.718039e+03	0.000000e+00
5.30884444000e+05	6.715890e+03	0.000000e+00
5.62341325000e+05	6.714489e+03	0.000000e+00
5.95662144000e+05	6.712627e+03	0.000000e+00
6.30957344000e+05	6.710661e+03	0.000000e+00
6.68343918000e+05	6.708981e+03	0.000000e+00
7.07945784000e+05	6.706883e+03	0.000000e+00
7.49894209000e+05	6.705366e+03	0.000000e+00
7.94328235000e+05	6.703483e+03	0.000000e+00
8.41395142000e+05	6.701491e+03	0.000000e+00
8.91250938000e+05	6.699529e+03	0.000000e+00
9.44060876000e+05	6.697327e+03	0.000000e+00
1.00000000000e+06	6.695543e+03	0.000000e+00
1.05925372500e+06	6.692972e+03	0.000000e+00
1.12201845400e+06	6.689332e+03	0.000000e+00
1.18850222700e+06	6.686679e+03	0.000000e+00
1.25892541200e+06	6.683599e+03	0.000000e+00
1.33352143200e+06	6.680444e+03	0.000000e+00
1.41253754500e+06	6.676925e+03	0.000000e+00
1.49623565600e+06	6.673161e+03	0.000000e+00
1.58489319200e+06	6.669379e+03	0.000000e+00
1.67880401800e+06	6.665229e+03	0.000000e+00
1.77827941000e+06	6.661215e+03	0.000000e+00
1.88364908900e+06	6.655905e+03	0.000000e+00
1.99526231500e+06	6.650947e+03	0.000000e+00
2.11348904000e+06	6.644915e+03	0.000000e+00
2.23872113900e+06	6.639133e+03	0.000000e+00
2.37137370600e+06	6.632354e+03	0.000000e+00
2.51188643200e+06	6.624600e+03	0.000000e+00
2.66072506000e+06	6.616448e+03	0.000000e+00
2.81838293100e+06	6.607556e+03	0.000000e+00
2.98538261900e+06	6.597799e+03	0.000000e+00
3.16227766000e+06	6.587083e+03	0.000000e+00
3.34965439200e+06	6.575557e+03	0.000000e+00
3.54813389200e+06	6.562295e+03	0.000000e+00
3.75837404300e+06	6.547876e+03	0.000000e+00
3.98107170600e+06	6.532030e+03	0.000000e+00
4.21696503400e+06	6.514652e+03	0.000000e+00
4.46683592200e+06	6.495451e+03	0.000000e+00
4.73151259000e+06	6.474589e+03	0.000000e+00
5.01187233600e+06	6.451051e+03	0.000000e+00
5.30884444200e+06	6.425593e+03	0.000000e+00
5.62341325200e+06	6.396889e+03	0.000000e+00
5.95662143500e+06	6.365640e+03	0.000000e+00
6.30957344500e+06	6.331116e+03	0.000000e+00
6.68343917600e+06	6.293435e+03	0.000000e+00
7.07945784400e+06	6.252229e+03	0.000000e+00
7.49894209300e+06	6.207798e+03	0.000000e+00
7.94328234700e+06	6.159500e+03	0.000000e+00
8.41395141600e+06	6.107810e+03	0.000000e+00
8.91250938100e+06	6.052860e+03	0.000000e+00
9.44060876300e+06	5.994427e+03	0.000000e+00
1.00000000000e+07	5.916114e+03	0.000000e+00
1.05925372520e+07	5.817086e+03	0.000000e+00
1.12201845430e+07	5.727529e+03	0.000000e+00
1.18850222740e+07	5.632038e+03	0.000000e+00
1.25892541180e+07	5.531321e+03	0.000000e+00
1.33352143220e+07	5.422418e+03	0.000000e+00
1.41253754460e+07	5.305951e+03	0.000000e+00
1.49623565610e+07	5.180575e+03	0.000000e+00
1.58489319250e+07	5.168342e+03	0.000000e+00
1.67880401810e+07	5.037254e+03	0.000000e+00
1.77827941000e+07	4.899024e+03	0.000000e+00
1.88364908950e+07	4.754295e+03	0.000000e+00
1.99526231500e+07	4.603000e+03	0.000000e+00
2.11348903980e+07	4.445355e+03	0.000000e+00
2.23872113860e+07	4.282537e+03	0.000000e+00
2.37137370570e+07	4.115008e+03	0.000000e+00
2.51188643150e+07	3.944453e+03	0.000000e+00
2.66072505980e+07	3.770654e+03	0.000000e+00
2.81838293130e+07	3.593964e+03	0.000000e+00
2.98538261890e+07	3.418874e+03	0.000000e+00
3.16227766020e+07	3.243753e+03	0.000000e+00
3.34965439160e+07	3.068631e+03	0.000000e+00
3.54813389230e+07	2.895636e+03	0.000000e+00
3.75837404290e+07	2.726367e+03	0.000000e+00
3.98107170550e+07	2.559468e+03	0.000000e+00
4.21696503430e+07	2.393995e+03	0.000000e+00
4.46683592150e+07	2.236512e+03	0.000000e+00
4.73151258960e+07	2.084154e+03	0.000000e+00
5.01187233630e+07	1.938020e+03	0.000000e+00
5.30884444230e+07	1.797113e+03	0.000000e+00
5.62341325190e+07	1.663837e+03	0.000000e+00
5.95662143530e+07	1.537123e+03	0.000000e+00
6.30957344480e+07	1.415568e+03	0.000000e+00
6.68343917570e+07	1.300034e+03	0.000000e+00
7.07945784380e+07	1.192432e+03	0.000000e+00
7.49894209330e+07	1.092233e+03	0.000000e+00
7.94328234720e+07	9.986790e+02	0.000000e+00
8.41395141650e+07	9.073938e+02	0.000000e+00
8.91250938130e+07	8.254507e+02	0.000000e+00
9.44060876290e+07	7.491313e+02	0.000000e+00
1.00000000000e+08	6.780330e+02	0.000000e+00


"TRACE: B"
"FORMAT: LINEAR"

"Frequency"	"Data Trace Real"	"Data Trace Imag"
1.00000000000e+03	-6.551127e+03	0.000000e+00
1.05925400000e+03	-6.215521e+03	0.000000e+00
1.12201800000e+03	-5.911675e+03	0.000000e+00
1.18850200000e+03	-5.626734e+03	0.000000e+00
1.25892500000e+03	-5.358044e+03	0.000000e+00
1.33352100000e+03	-5.103003e+03	0.000000e+00
1.41253800000e+03	-4.861346e+03	0.000000e+00
1.49623600000e+03	-4.630174e+03	0.000000e+00
1.58489300000e+03	-4.412776e+03	0.000000e+00
1.67880400000e+03	-4.204281e+03	0.000000e+00
1.77827900000e+03	-4.006748e+03	0.000000e+00
1.88364900000e+03	-3.818699e+03	0.000000e+00
1.99526200000e+03	-3.639647e+03	0.000000e+00
2.11348900000e+03	-3.469881e+03	0.000000e+00
2.23872100000e+03	-3.307745e+03	0.000000e+00
2.37137400000e+03	-3.153884e+03	0.000000e+00
2.51188600000e+03	-3.008713e+03	0.000000e+00
2.66072500000e+03	-2.869786e+03	0.000000e+00
2.81838300000e+03	-2.737517e+03	0.000000e+00
2.98538300000e+03	-2.611925e+03	0.000000e+00
3.16227800000e+03	-2.491350e+03	0.000000e+00
3.34965400000e+03	-2.376665e+03	0.000000e+00
3.54813400000e+03	-2.268694e+03	0.000000e+00
3.75837400000e+03	-2.167234e+03	0.000000e+00
3.98107200000e+03	-2.069995e+03	0.000000e+00
4.21696500000e+03	-1.978054e+03	0.000000e+00
4.46683600000e+03	-1.891195e+03	0.000000e+00
4.73151300000e+03	-1.808343e+03	0.000000e+00
5.01187200000e+03	-1.730348e+03	0.000000e+00
5.30884400000e+03	-1.655393e+03	0.000000e+00
5.62341300000e+03	-1.584740e+03	0.000000e+00
5.95662100000e+03	-1.517158e+03	0.000000e+00
6.30957300000e+03	-1.453929e+03	0.000000e+00
6.68343900000e+03	-1.395632e+03	0.000000e+00
7.07945800000e+03	-1.336953e+03	0.000000e+00
7.49894200000e+03	-1.281226e+03	0.000000e+00
7.94328200000e+03	-1.230832e+03	0.000000e+00
8.41395100000e+03	-1.180548e+03	0.000000e+00
8.91250900000e+03	-1.134290e+03	0.000000e+00
9.44060900000e+03	-1.090378e+03	0.000000e+00
1.00000000000e+04	-1.046405e+03	0.000000e+00
1.05925370000e+04	-1.007750e+03	0.000000e+00
1.12201850000e+04	-9.688293e+02	0.000000e+00
1.18850220000e+04	-9.314269e+02	0.000000e+00
1.25892540000e+04	-8.947758e+02	0.000000e+00
1.33352140000e+04	-8.633842e+02	0.000000e+00
1.41253750000e+04	-8.310653e+02	0.000000e+00
1.49623570000e+04	-7.974130e+02	0.000000e+00
1.58489320000e+04	-7.680707e+02	0.000000e+00
1.67880400000e+04	-7.394995e+02	0.000000e+00
1.77827940000e+04	-7.097651e+02	0.000000e+00
1.88364910000e+04	-6.848872e+02	0.000000e+00
1.99526230000e+04	-6.582063e+02	0.000000e+00
2.11348900000e+04	-6.330264e+02	0.000000e+00
2.23872110000e+04	-6.081888e+02	0.000000e+00
2.37137370000e+04	-5.866975e+02	0.000000e+00
2.51188640000e+04	-5.620132e+02	0.000000e+00
2.66072510000e+04	-5.411812e+02	0.000000e+00
2.81838290000e+04	-5.207992e+02	0.000000e+00
2.98538260000e+04	-5.007914e+02	0.000000e+00
3.16227770000e+04	-4.806411e+02	0.000000e+00
3.34965440000e+04	-4.622278e+02	0.000000e+00
3.54813390000e+04	-4.445828e+02	0.000000e+00
3.75837400000e+04	-4.257695e+02	0.000000e+00
3.98107170000e+04	-4.112090e+02	0.000000e+00
4.21696500000e+04	-3.951055e+02	0.000000e+00
4.46683590000e+04	-3.797217e+02	0.000000e+00
4.73151260000e+04	-3.634893e+02	0.000000e+00
5.01187230000e+04	-3.487197e+02	0.000000e+00
5.30884440000e+04	-3.352065e+02	0.000000e+00
5.62341330000e+04	-3.244919e+02	0.000000e+00
5.95662140000e+04	-3.116331e+02	0.000000e+00
6.30957340000e+04	-2.994981e+02	0.000000e+00
6.68343920000e+04	-2.884391e+02	0.000000e+00
7.07945780000e+04	-2.780352e+02	0.000000e+00
7.49894210000e+04	-2.681954e+02	0.000000e+00
7.94328230000e+04	-2.579586e+02	0.000000e+00
8.41395140000e+04	-2.491078e+02	0.000000e+00
8.91250940000e+04	-2.427288e+02	0.000000e+00
9.44060880000e+04	-2.334617e+02	0.000000e+00
1.00000000000e+05	-2.250585e+02	0.000000e+00
1.05925373000e+05	-2.197505e+02	0.000000e+00
1.12201845000e+05	-2.132016e+02	0.000000e+00
1.18850223000e+05	-2.066834e+02	0.000000e+00
1.25892541000e+05	-1.999110e+02	0.000000e+00
1.33352143000e+05	-1.956083e+02	0.000000e+00
1.41253754000e+05	-1.912667e+02	0.000000e+00
1.49623566000e+05	-1.878233e+02	0.000000e+00
1.58489319000e+05	-1.823839e+02	0.000000e+00
1.67880402000e+05	-1.778744e+02	0.000000e+00
1.77827941000e+05	-1.755041e+02	0.000000e+00
1.88364909000e+05	-1.730421e+02	0.000000e+00
1.99526231000e+05	-1.717323e+02	0.000000e+00
2.11348904000e+05	-1.684943e+02	0.000000e+00
2.23872114000e+05	-1.671378e+02	0.000000e+00
2.37137371000e+05	-1.655836e+02	0.000000e+00
2.51188643000e+05	-1.642411e+02	0.000000e+00
2.66072506000e+05	-1.641766e+02	0.000000e+00
2.81838293000e+05	-1.651997e+02	0.000000e+00
2.98538262000e+05	-1.650380e+02	0.000000e+00
3.16227766000e+05	-1.658696e+02	0.000000e+00
3.34965439000e+05	-1.660947e+02	0.000000e+00
3.54813389000e+05	-1.687247e+02	0.000000e+00
3.75837404000e+05	-1.706992e+02	0.000000e+00
3.98107171000e+05	-1.731189e+02	0.000000e+00
4.21696503000e+05	-1.755652e+02	0.000000e+00
4.46683592000e+05	-1.799741e+02	0.000000e+00
4.73151259000e+05	-1.830995e+02	0.000000e+00
5.01187234000e+05	-1.871697e+02	0.000000e+00
5.30884444000e+05	-1.920301e+02	0.000000e+00
5.62341325000e+05	-1.970646e+02	0.000000e+00
5.95662144000e+05	-2.028273e+02	0.000000e+00
6.30957344000e+05	-2.093578e+02	0.000000e+00
6.68343918000e+05	-2.172984e+02	0.000000e+00
7.07945784000e+05	-2.236083e+02	0.000000e+00
7.49894209000e+05	-2.317038e+02	0.000000e+00
7.94328235000e+05	-2.402056e+02	0.000000e+00
8.41395142000e+05	-2.503651e+02	0.000000e+00
8.91250938000e+05	-2.613000e+02	0.000000e+00
9.44060876000e+05	-2.722585e+02	0.000000e+00
1.00000000000e+06	-2.829512e+02	0.000000e+00
1.05925372500e+06	-2.965583e+02	0.000000e+00
1.12201845400e+06	-3.089901e+02	0.000000e+00
1.18850222700e+06	-3.240542e+02	0.000000e+00
1.25892541200e+06	-3.377611e+02	0.000000e+00
1.33352143200e+06	-3.551530e+02	0.000000e+00
1.41253754500e+06	-3.720037e+02	0.000000e+00
1.49623565600e+06	-3.901658e+02	0.000000e+00
1.58489319200e+06	-4.102084e+02	0.000000e+00
1.67880401800e+06	-4.307872e+02	0.000000e+00
1.77827941000e+06	-4.523364e+02	0.000000e+00
1.88364908900e+06	-4.760872e+02	0.000000e+00
1.99526231500e+06	-5.002604e+02	0.000000e+00
2.11348904000e+06	-5.260925e+02	0.000000e+00
2.23872113900e+06	-5.539441e+02	0.000000e+00
2.37137370600e+06	-5.828881e+02	0.000000e+00
2.51188643200e+06	-6.137347e+02	0.000000e+00
2.66072506000e+06	-6.458788e+02	0.000000e+00
2.81838293100e+06	-6.803177e+02	0.000000e+00
2.98538261900e+06	-7.168417e+02	0.000000e+00
3.16227766000e+06	-7.544897e+02	0.000000e+00
3.34965439200e+06	-7.945731e+02	0.000000e+00
3.54813389200e+06	-8.370547e+02	0.000000e+00
3.75837404300e+06	-8.815983e+02	0.000000e+00
3.98107170600e+06	-9.286619e+02	0.000000e+00
4.21696503400e+06	-9.783071e+02	0.000000e+00
4.46683592200e+06	-1.029547e+03	0.000000e+00
4.73151259000e+06	-1.083519e+03	0.000000e+00
5.01187233600e+06	-1.140426e+03	0.000000e+00
5.30884444200e+06	-1.200065e+03	0.000000e+00
5.62341325200e+06	-1.262249e+03	0.000000e+00
5.95662143500e+06	-1.327030e+03	0.000000e+00
6.30957344500e+06	-1.394525e+03	0.000000e+00
6.68343917600e+06	-1.463639e+03	0.000000e+00
7.07945784400e+06	-1.535877e+03	0.000000e+00
7.49894209300e+06	-1.610971e+03	0.000000e+00
7.94328234700e+06	-1.688107e+03	0.000000e+00
8.41395141600e+06	-1.768760e+03	0.000000e+00
8.91250938100e+06	-1.852932e+03	0.000000e+00
9.44060876300e+06	-1.944436e+03	0.000000e+00
1.00000000000e+07	-2.052145e+03	0.000000e+00
1.05925372520e+07	-2.137371e+03	0.000000e+00
1.12201845430e+07	-2.217832e+03	0.000000e+00
1.18850222740e+07	-2.301107e+03	0.000000e+00
1.25892541180e+07	-2.385639e+03	0.000000e+00
1.33352143220e+07	-2.470125e+03	0.000000e+00
1.41253754460e+07	-2.553476e+03	0.000000e+00
1.49623565610e+07	-2.634162e+03	0.000000e+00
1.58489319250e+07	-2.672846e+03	0.000000e+00
1.67880401810e+07	-2.748482e+03	0.000000e+00
1.77827941000e+07	-2.820581e+03	0.000000e+00
1.88364908950e+07	-2.887189e+03	0.000000e+00
1.99526231500e+07	-2.948494e+03	0.000000e+00
2.11348903980e+07	-2.999534e+03	0.000000e+00
2.23872113860e+07	-3.046242e+03	0.000000e+00
2.37137370570e+07	-3.084855e+03	0.000000e+00
2.51188643150e+07	-3.117826e+03	0.000000e+00
2.66072505980e+07	-3.137433e+03	0.000000e+00
2.81838293130e+07	-3.150099e+03	0.000000e+00
2.98538261890e+07	-3.153394e+03	0.000000e+00
3.16227766020e+07	-3.147403e+03	0.000000e+00
3.34965439160e+07	-3.134021e+03	0.000000e+00
3.54813389230e+07	-3.110500e+03	0.000000e+00
3.75837404290e+07	-3.079387e+03	0.000000e+00
3.98107170550e+07	-3.041200e+03	0.000000e+00
4.21696503430e+07	-2.994138e+03	0.000000e+00
4.46683592150e+07	-2.938356e+03	0.000000e+00
4.73151258960e+07	-2.877873e+03	0.000000e+00
5.01187233630e+07	-2.809798e+03	0.000000e+00
5.30884444230e+07	-2.738729e+03	0.000000e+00
5.62341325190e+07	-2.662509e+03	0.000000e+00
5.95662143530e+07	-2.583410e+03	0.000000e+00
6.30957344480e+07	-2.500549e+03	0.000000e+00
6.68343917570e+07	-2.415324e+03	0.000000e+00
7.07945784380e+07	-2.326946e+03	0.000000e+00
7.49894209330e+07	-2.237217e+03	0.000000e+00
7.94328234720e+07	-2.148338e+03	0.000000e+00
8.41395141650e+07	-2.059408e+03	0.000000e+00
8.91250938130e+07	-1.966703e+03	0.000000e+00
9.44060876290e+07	-1.876635e+03	0.000000e+00
1.00000000000e+08	-1.788398e+03	0.000000e+00
