1000.000	44767.590	-1319.063
1059.254	44752.770	-1272.053
1122.018	44729.040	-1230.387
1188.502	44702.500	-1189.314
1258.925	44687.820	-1150.170
1333.521	44667.300	-1120.599
1412.538	44642.750	-1087.000
1496.236	44627.410	-1053.559
1584.893	44607.170	-1023.129
1678.804	44576.020	-992.461
1778.279	44556.800	-969.386
1883.649	44537.960	-948.548
1995.262	44524.070	-920.230
2113.489	44512.100	-900.033
2238.721	44492.660	-879.335
2371.374	44478.230	-861.360
2511.886	44469.100	-846.730
2660.725	44457.540	-831.594
2818.383	44443.800	-816.832
2985.383	44423.760	-799.720
3162.278	44412.860	-798.153
3349.654	44409.790	-789.423
3548.134	44403.820	-783.970
3758.374	44379.680	-784.226
3981.072	44381.130	-764.694
4216.965	44372.410	-771.212
4466.836	44355.860	-776.341
4731.513	44355.410	-781.782
5011.872	44345.500	-776.168
5308.844	44341.550	-787.672
5623.413	44326.450	-799.155
5956.621	44314.900	-805.660
6309.573	44308.950	-828.253
6683.439	44301.260	-829.136
7079.458	44296.980	-850.917
7498.942	44284.750	-874.715
7943.282	44277.660	-899.237
8413.951	44284.100	-910.808
8912.509	44278.640	-926.724
9440.609	44265.090	-970.511
10000.000	44258.470	-1008.694
10592.537	44250.790	-1034.078
11220.185	44252.310	-1082.389
11885.022	44242.900	-1120.273
12589.254	44234.970	-1173.391
13335.214	44230.420	-1226.565
14125.375	44227.520	-1272.621
14962.357	44212.410	-1336.991
15848.932	44208.770	-1368.528
16788.040	44211.230	-1444.175
17782.794	44184.710	-1515.831
18836.491	44194.580	-1580.405
19952.623	44167.710	-1653.495
21134.890	44169.970	-1748.473
22387.211	44159.380	-1829.668
23713.737	44132.660	-1940.676
25118.864	44132.510	-2037.049
26607.251	44116.550	-2127.280
28183.829	44108.600	-2258.896
29853.826	44079.940	-2382.208
31622.777	44074.300	-2500.578
33496.544	44048.370	-2634.580
35481.339	44026.270	-2778.347
37583.740	44002.840	-2921.771
39810.717	43976.720	-3082.553
42169.650	43950.950	-3265.648
44668.359	43919.890	-3453.590
47315.126	43887.380	-3639.341
50118.723	43840.660	-3836.428
53088.444	43797.080	-4051.720
56234.133	43749.730	-4271.335
59566.214	43687.300	-4522.229
63095.734	43629.760	-4767.108
66834.392	43560.380	-5043.425
70794.578	43486.170	-5318.626
74989.421	43398.410	-5604.437
79432.823	43308.160	-5914.764
84139.514	43202.230	-6240.010
89125.094	43092.410	-6602.820
94406.088	42962.450	-6944.521
100000.000	42817.770	-7324.070
105925.373	42665.680	-7726.746
112201.845	42485.930	-8139.967
118850.223	42302.840	-8563.102
125892.541	42081.640	-9006.875
133352.143	41854.280	-9478.395
141253.754	41589.380	-9964.738
149623.566	41302.880	-10476.390
158489.319	40980.290	-10991.540
167880.402	40642.880	-11519.670
177827.941	40258.060	-12059.960
188364.909	39840.230	-12636.520
199526.231	39377.330	-13201.700
211348.904	38889.530	-13784.750
223872.114	38346.040	-14362.950
237137.371	37762.800	-14960.440
251188.643	37135.130	-15541.660
266072.506	36459.730	-16115.930
281838.293	35725.280	-16697.740
298538.262	34948.280	-17260.150
316227.766	34121.770	-17802.630
334965.439	33243.550	-18304.820
354813.389	32323.680	-18796.540
375837.404	31345.810	-19244.770
398107.171	30340.860	-19644.380
421696.503	29287.790	-20012.040
446683.592	28203.910	-20339.870
473151.259	27093.720	-20592.480
501187.234	25960.850	-20803.160
530884.444	24801.930	-20948.630
562341.325	23636.690	-21041.650
595662.144	22464.690	-21065.410
630957.344	21293.590	-21033.870
668343.918	20135.220	-20934.760
707945.784	18987.420	-20785.130
749894.209	17867.270	-20570.240
794328.235	16767.520	-20310.750
841395.142	15698.940	-19996.620
891250.938	14665.780	-19643.340
944060.876	13677.950	-19242.290
1000000.000	12721.640	-18805.600
1059253.725	11813.320	-18345.140
1122018.454	10955.070	-17853.290
1188502.227	10137.330	-17340.950
1258925.412	9362.830	-16814.780
1333521.432	8629.402	-16274.120
1412537.545	7949.061	-15726.790
1496235.656	7313.230	-15173.530
1584893.192	6714.178	-14619.190
1678804.018	6155.136	-14065.310
1778279.410	5633.613	-13516.290
1883649.089	5148.063	-12967.040
1995262.315	4706.714	-12427.040
2113489.040	4300.327	-11897.650
2238721.139	3924.908	-11383.280
2371373.706	3578.618	-10880.530
2511886.432	3256.663	-10397.800
2660725.060	2948.357	-9919.217
2818382.931	2681.877	-9446.719
2985382.619	2436.588	-9001.461
3162277.660	2210.140	-8564.887
3349654.392	2008.279	-8158.609
3548133.892	1824.358	-7752.246
3758374.043	1652.928	-7371.918
3981071.706	1496.180	-7006.973
4216965.034	1351.270	-6656.193
4466835.922	1222.948	-6321.557
4731512.590	1102.767	-6008.750
5011872.336	978.711	-5712.682
5308844.442	843.870	-5407.719
5623413.252	755.832	-5081.721
5956621.435	696.406	-4798.855
6309573.445	638.885	-4542.354
6683439.176	583.111	-4299.806
7079457.844	530.135	-4072.053
7498942.093	479.420	-3855.177
7943282.347	433.992	-3648.528
8413951.416	388.851	-3450.822
8912509.381	351.979	-3261.785
9440608.763	318.353	-3084.548
10000000.000	286.303	-2915.861
10592537.252	258.394	-2758.145
11220184.543	229.795	-2608.542
11885022.274	202.450	-2467.827
12589254.118	161.872	-2324.413
13335214.322	151.652	-2179.828
14125375.446	130.478	-2054.775
14962356.561	122.648	-1928.414
15848931.925	107.133	-1834.017
16788040.181	91.569	-1725.786
17782794.100	78.292	-1619.661
18836490.895	73.614	-1520.546
19952623.150	65.423	-1424.286
21134890.398	64.662	-1337.129
22387211.386	60.132	-1257.389
23713737.057	54.722	-1180.536
25118864.315	48.855	-1107.890
26607250.598	42.481	-1038.181
28183829.313	33.527	-970.040
29853826.189	28.405	-900.962
31622776.602	28.860	-835.183
33496543.916	27.944	-778.384
35481338.923	25.187	-723.620
37583740.429	21.744	-670.728
39810717.055	16.062	-617.975
42169650.343	14.816	-568.782
44668359.215	11.299	-519.281
47315125.896	4.559	-474.006
50118723.363	7.469	-423.067
53088444.423	5.340	-381.036
56234132.519	3.140	-335.466
59566214.353	3.424	-293.559
63095734.448	2.839	-252.942
66834391.757	3.290	-213.338
70794578.438	3.146	-174.844
74989420.933	4.351	-137.604
79432823.472	5.408	-102.278
84139514.165	6.184	-68.695
89125093.813	6.699	-36.825
94406087.629	6.661	-7.162
100000000.000	5.697	19.514
