1000.000	13200.980	-5460.064
1059.254	13151.210	-5196.521
1122.018	13103.820	-4950.105
1188.502	13058.350	-4716.725
1258.925	13015.820	-4492.912
1333.521	12973.770	-4280.783
1412.538	12933.950	-4076.695
1496.236	12896.120	-3883.669
1584.893	12858.850	-3698.384
1678.804	12826.190	-3523.297
1778.279	12792.110	-3356.483
1883.649	12760.840	-3195.599
1995.262	12730.810	-3043.489
2113.489	12701.250	-2897.057
2238.721	12674.620	-2758.157
2371.374	12646.720	-2626.594
2511.886	12623.000	-2499.508
2660.725	12600.190	-2380.848
2818.383	12576.540	-2268.120
2985.383	12554.910	-2158.737
3162.278	12534.750	-2054.719
3349.654	12517.050	-1956.793
3548.134	12498.940	-1864.417
3758.374	12479.160	-1774.455
3981.072	12459.050	-1692.920
4216.965	12445.030	-1614.751
4466.836	12431.050	-1533.224
4731.513	12414.350	-1464.953
5011.872	12398.880	-1397.626
5308.844	12389.820	-1327.483
5623.413	12374.710	-1269.623
5956.621	12361.130	-1211.767
6309.573	12351.610	-1156.505
6683.439	12338.700	-1105.140
7079.458	12326.650	-1056.338
7498.942	12317.640	-1006.393
7943.282	12309.850	-959.411
8413.951	12295.100	-919.230
8912.509	12285.340	-872.184
9440.609	12275.830	-836.367
10000.000	12271.420	-799.231
10592.537	12262.960	-768.770
11220.185	12248.000	-732.427
11885.022	12242.750	-703.825
12589.254	12231.150	-678.776
13335.214	12226.260	-652.518
14125.375	12216.390	-627.547
14962.357	12211.820	-597.254
15848.932	12202.390	-570.682
16788.040	12194.660	-553.034
17782.794	12188.550	-529.640
18836.491	12182.180	-513.237
19952.623	12174.150	-488.570
21134.890	12170.840	-475.861
22387.211	12162.820	-454.391
23713.737	12153.570	-445.946
25118.864	12146.300	-429.385
26607.251	12142.550	-414.821
28183.829	12136.320	-399.937
29853.826	12129.660	-388.260
31622.777	12125.320	-377.429
33496.544	12121.270	-362.806
35481.339	12114.650	-357.912
37583.740	12106.860	-347.957
39810.717	12102.960	-341.469
42169.650	12099.700	-334.091
44668.359	12091.910	-325.401
47315.126	12089.830	-319.745
50118.723	12084.430	-308.938
53088.444	12076.460	-303.485
56234.133	12075.160	-297.922
59566.214	12070.190	-297.324
63095.734	12063.790	-292.196
66834.392	12058.770	-286.969
70794.578	12056.430	-290.076
74989.421	12051.590	-289.327
79432.823	12048.180	-286.131
84139.514	12045.010	-286.183
89125.094	12040.000	-281.913
94406.088	12035.370	-285.203
100000.000	12033.560	-281.654
105925.373	12025.790	-287.886
112201.845	12024.020	-286.402
118850.223	12021.340	-291.816
125892.541	12019.400	-295.697
133352.143	12012.840	-300.057
141253.754	12011.120	-304.356
149623.566	12007.240	-312.694
158489.319	12005.810	-319.378
167880.402	12002.720	-322.616
177827.941	11999.660	-332.218
188364.909	11996.520	-341.041
199526.231	11991.340	-352.203
211348.904	11986.220	-363.235
223872.114	11986.060	-374.648
237137.371	11980.990	-388.613
251188.643	11980.530	-399.413
266072.506	11975.410	-415.415
281838.293	11972.050	-435.909
298538.262	11968.800	-450.966
316227.766	11965.910	-467.318
334965.439	11960.110	-490.338
354813.389	11957.170	-508.496
375837.404	11953.390	-532.041
398107.171	11947.330	-558.969
421696.503	11942.490	-583.630
446683.592	11937.050	-618.390
473151.259	11932.660	-641.602
501187.234	11925.800	-674.480
530884.444	11920.440	-707.557
562341.325	11913.250	-742.321
595662.144	11905.020	-782.912
630957.344	11898.390	-823.071
668343.918	11888.840	-865.867
707945.784	11878.500	-908.143
749894.209	11869.910	-950.041
794328.235	11856.300	-1004.702
841395.142	11845.140	-1059.327
891250.938	11829.000	-1116.934
944060.876	11814.890	-1175.086
1000000.000	11797.820	-1236.191
1059253.725	11779.920	-1304.299
1122018.454	11755.250	-1376.319
1188502.227	11734.270	-1447.618
1258925.412	11708.190	-1522.957
1333521.432	11680.560	-1604.705
1412537.545	11650.860	-1688.469
1496235.656	11617.540	-1775.153
1584893.192	11581.320	-1866.869
1678804.018	11540.530	-1963.018
1778279.410	11498.370	-2061.863
1883649.089	11450.800	-2165.268
1995262.315	11397.870	-2276.020
2113489.040	11340.550	-2388.637
2238721.139	11278.340	-2506.119
2371373.706	11211.940	-2627.442
2511886.432	11138.220	-2753.202
2660725.060	11059.270	-2883.712
2818382.931	10972.860	-3018.497
2985382.619	10880.180	-3157.962
3162277.660	10779.240	-3300.341
3349654.392	10672.990	-3449.555
3548133.892	10548.070	-3607.831
3758374.043	10410.910	-3758.683
3981071.706	10265.930	-3908.570
4216965.034	10115.190	-4060.598
4466835.922	9955.195	-4213.258
4731512.590	9784.793	-4369.280
5011872.336	9607.447	-4525.588
5308844.442	9418.951	-4685.680
5623413.252	9225.816	-4852.990
5956621.435	9008.037	-5051.668
6309573.445	8714.084	-5255.531
6683439.176	8377.852	-5374.572
7079457.844	8077.160	-5451.344
7498942.093	7791.973	-5532.422
7943282.347	7500.393	-5616.023
8413951.416	7192.668	-5687.203
8912509.381	6881.289	-5741.189
9440608.763	6569.883	-5781.307
10000000.000	6254.992	-5811.270
10592537.252	5930.471	-5836.801
11220184.543	5600.510	-5828.000
11885022.274	5281.479	-5809.355
12589254.118	4966.177	-5782.887
13335214.322	4642.972	-5756.752
14125375.446	4293.449	-5702.791
14962356.561	3980.723	-5593.406
15848931.925	3858.586	-5621.861
16788040.181	3419.996	-5599.109
17782794.100	3033.418	-5373.784
18836490.895	2731.716	-5043.099
19952623.150	2605.485	-4833.584
21134890.398	2446.320	-4694.083
22387211.386	2270.750	-4579.209
23713737.057	1978.379	-4464.146
25118864.315	1825.131	-4193.883
26607250.598	1700.772	-4036.015
28183829.313	1561.819	-3883.213
29853826.189	1424.139	-3742.174
31622776.602	1284.191	-3584.488
33496543.916	1161.648	-3427.330
35481338.923	1049.101	-3281.594
37583740.429	948.141	-3129.232
39810717.055	839.753	-2997.791
42169650.343	750.024	-2844.493
44668359.215	671.480	-2705.167
47315125.896	611.887	-2581.837
50118723.363	538.269	-2479.348
53088444.423	446.023	-2376.930
56234132.519	362.228	-2226.583
59566214.353	302.601	-2127.285
63095734.448	204.460	-2013.230
66834391.757	143.929	-1858.468
70794578.438	74.795	-1727.889
74989420.933	50.087	-1559.033
79432823.472	55.629	-1439.507
84139514.165	44.905	-1339.872
89125093.813	38.597	-1255.360
94406087.629	26.904	-1181.157
100000000.000	-2.081	-1119.535
