1000.000	7320.506	-1918.275
1059.254	7300.255	-1835.585
1122.018	7279.870	-1757.491
1188.502	7259.515	-1683.854
1258.925	7239.905	-1614.234
1333.521	7219.383	-1547.960
1412.538	7199.175	-1484.208
1496.236	7180.047	-1424.387
1584.893	7160.838	-1367.698
1678.804	7141.509	-1312.362
1778.279	7122.144	-1262.606
1883.649	7102.652	-1213.219
1995.262	7084.145	-1165.486
2113.489	7064.930	-1120.850
2238.721	7046.936	-1076.251
2371.374	7027.559	-1037.016
2511.886	7010.611	-995.065
2660.725	6992.090	-956.397
2818.383	6975.154	-921.089
2985.383	6958.352	-885.684
3162.278	6941.250	-850.666
3349.654	6925.195	-817.957
3548.134	6910.199	-788.849
3758.374	6892.801	-758.452
3981.072	6879.324	-727.517
4216.965	6864.074	-701.036
4466.836	6851.082	-671.471
4731.513	6835.662	-645.592
5011.872	6822.535	-620.518
5308.844	6811.275	-597.092
5623.413	6798.117	-572.528
5956.621	6786.633	-549.712
6309.573	6776.141	-530.689
6683.439	6764.734	-504.517
7079.458	6756.168	-482.419
7498.942	6745.699	-466.479
7943.282	6736.330	-442.918
8413.951	6728.906	-425.139
8912.509	6718.088	-410.947
9440.609	6709.564	-391.815
10000.000	6703.789	-375.864
10592.537	6696.031	-362.897
11220.185	6689.941	-344.213
11885.022	6682.215	-333.290
12589.254	6677.086	-315.998
13335.214	6669.793	-302.609
14125.375	6668.156	-292.065
14962.357	6660.219	-278.302
15848.932	6656.070	-269.239
16788.040	6651.447	-255.540
17782.794	6647.047	-245.655
18836.491	6641.547	-235.951
19952.623	6638.912	-225.252
21134.890	6635.293	-216.244
22387.211	6631.168	-205.445
23713.737	6630.619	-199.257
25118.864	6625.842	-190.248
26607.251	6622.738	-182.403
28183.829	6619.764	-174.617
29853.826	6618.611	-164.567
31622.777	6616.648	-157.853
33496.544	6613.211	-151.802
35481.339	6612.828	-148.103
37583.740	6610.195	-141.833
39810.717	6608.223	-137.389
42169.650	6607.297	-133.363
44668.359	6603.441	-127.783
47315.126	6602.969	-123.647
50118.723	6602.178	-120.170
53088.444	6601.768	-116.951
56234.133	6602.262	-112.944
59566.214	6600.047	-110.054
63095.734	6598.711	-106.399
66834.392	6598.320	-105.250
70794.578	6597.078	-103.068
74989.421	6595.852	-101.414
79432.823	6595.025	-100.480
84139.514	6594.602	-100.816
89125.094	6593.160	-100.659
94406.088	6594.086	-97.075
100000.000	6591.383	-96.719
105925.373	6591.910	-97.398
112201.845	6591.566	-99.097
118850.223	6591.336	-98.297
125892.541	6590.195	-100.737
133352.143	6589.551	-100.412
141253.754	6589.809	-102.006
149623.566	6588.672	-103.005
158489.319	6588.471	-106.169
167880.402	6587.260	-109.411
177827.941	6588.150	-112.991
188364.909	6586.678	-114.298
199526.231	6586.098	-118.718
211348.904	6587.332	-122.513
223872.114	6585.648	-126.295
237137.371	6585.012	-129.889
251188.643	6584.117	-136.204
266072.506	6584.596	-141.173
281838.293	6584.400	-149.350
298538.262	6583.367	-155.140
316227.766	6582.447	-161.783
334965.439	6582.598	-169.074
354813.389	6581.219	-176.890
375837.404	6581.174	-184.260
398107.171	6579.541	-194.026
421696.503	6578.789	-205.176
446683.592	6577.676	-215.239
473151.259	6575.727	-225.544
501187.234	6575.285	-235.113
530884.444	6573.846	-248.293
562341.325	6573.176	-262.308
595662.144	6569.859	-275.990
630957.344	6568.582	-291.978
668343.918	6566.338	-308.125
707945.784	6564.176	-322.328
749894.209	6562.723	-340.568
794328.235	6559.187	-359.212
841395.142	6556.766	-380.675
891250.938	6553.668	-400.994
944060.876	6551.283	-422.399
1000000.000	6545.883	-445.976
1059253.725	6541.584	-472.313
1122018.454	6536.660	-498.540
1188502.227	6531.398	-525.958
1258925.412	6524.988	-554.668
1333521.432	6518.799	-586.260
1412537.545	6510.635	-617.648
1496235.656	6503.391	-651.429
1584893.192	6494.781	-687.922
1678804.018	6486.121	-725.977
1778279.410	6474.785	-764.801
1883649.089	6462.957	-807.542
1995262.315	6449.824	-852.658
2113489.040	6435.830	-898.081
2238721.139	6420.271	-948.078
2371373.706	6402.922	-999.088
2511886.432	6383.379	-1052.652
2660725.060	6361.992	-1109.445
2818382.931	6338.191	-1168.127
2985382.619	6312.719	-1229.762
3162277.660	6284.309	-1294.792
3349654.392	6252.775	-1361.776
3548133.892	6218.539	-1431.939
3758374.043	6180.496	-1506.782
3981071.706	6137.059	-1582.074
4216965.034	6091.039	-1660.743
4466835.922	6040.363	-1741.641
4731512.590	5984.996	-1824.177
5011872.336	5926.398	-1909.167
5308844.442	5865.203	-1998.182
5623413.252	5797.453	-2098.462
5956621.435	5705.307	-2203.617
6309573.445	5605.082	-2291.897
6683439.176	5505.332	-2375.524
7079457.844	5402.842	-2460.875
7498942.093	5294.834	-2547.196
7943282.347	5181.689	-2638.931
8413951.416	5047.113	-2726.498
8912509.381	4912.896	-2801.768
9440608.763	4779.771	-2881.854
10000000.000	4616.008	-2962.854
10592537.252	4455.388	-3016.814
11220184.543	4295.021	-3069.585
11885022.274	4131.066	-3118.763
12589254.118	3964.888	-3164.544
13335214.322	3777.229	-3212.287
14125375.446	3589.107	-3225.033
14962356.561	3415.771	-3231.156
15848931.925	3329.450	-3254.687
16788040.181	3126.246	-3304.415
17782794.100	2909.868	-3324.305
18836490.895	2601.250	-3238.726
19952623.150	2467.615	-3130.482
21134890.398	2331.590	-3085.105
22387211.386	2140.557	-3028.288
23713737.057	1999.881	-2946.506
25118864.315	1859.668	-2873.920
26607250.598	1719.145	-2799.704
28183829.313	1586.698	-2719.067
29853826.189	1459.453	-2639.335
31622776.602	1338.221	-2549.811
33496543.916	1227.517	-2460.355
35481338.923	1122.356	-2374.738
37583740.429	1023.136	-2283.771
39810717.055	928.382	-2199.997
42169650.343	828.117	-2102.594
44668359.215	754.640	-2005.308
47315125.896	687.173	-1915.065
50118723.363	622.010	-1835.418
53088444.423	549.634	-1757.830
56234132.519	483.979	-1670.282
59566214.353	415.478	-1592.164
63095734.448	348.802	-1500.173
66834391.757	294.952	-1402.441
70794578.438	238.120	-1299.754
74989420.933	222.851	-1200.529
79432823.472	199.448	-1122.671
84139514.165	172.797	-1042.113
89125093.813	158.556	-973.194
94406087.629	138.810	-911.651
100000000.000	114.730	-853.084
