4294A REV1.11
"DATE: May  2 2017"


"MEASURE PARAMETER: IMPEDANCE RESISTANCE - REACTANCE"
"ADAPTER: NONE"
"SWEEP TYPE: LOG FREQ"
"NUMBER of POINTS: 201"
"POINT DELAY TIME:  0 Sec"
"SWEEP DELAY TIME:  0 Sec"
"OSC LEVEL:  500 mVolt"
"DC BIAS: OFF"
"BW: 1"
"SWEEP AVERAGING: 8"
"POINT AVERAGING: 4"


"TRACE: A"
"FORMAT: LINEAR"

"Frequency"	"Data Trace Real"	"Data Trace Imag"
1.00000000000e+03	6.862330e+03	0.000000e+00
1.05925400000e+03	6.841785e+03	0.000000e+00
1.12201800000e+03	6.822044e+03	0.000000e+00
1.18850200000e+03	6.802596e+03	0.000000e+00
1.25892500000e+03	6.783686e+03	0.000000e+00
1.33352100000e+03	6.765436e+03	0.000000e+00
1.41253800000e+03	6.746838e+03	0.000000e+00
1.49623600000e+03	6.728681e+03	0.000000e+00
1.58489300000e+03	6.711584e+03	0.000000e+00
1.67880400000e+03	6.694818e+03	0.000000e+00
1.77827900000e+03	6.677484e+03	0.000000e+00
1.88364900000e+03	6.660792e+03	0.000000e+00
1.99526200000e+03	6.643769e+03	0.000000e+00
2.11348900000e+03	6.627175e+03	0.000000e+00
2.23872100000e+03	6.610579e+03	0.000000e+00
2.37137400000e+03	6.593964e+03	0.000000e+00
2.51188600000e+03	6.577229e+03	0.000000e+00
2.66072500000e+03	6.560298e+03	0.000000e+00
2.81838300000e+03	6.543254e+03	0.000000e+00
2.98538300000e+03	6.526668e+03	0.000000e+00
3.16227800000e+03	6.509041e+03	0.000000e+00
3.34965400000e+03	6.491512e+03	0.000000e+00
3.54813400000e+03	6.474928e+03	0.000000e+00
3.75837400000e+03	6.457869e+03	0.000000e+00
3.98107200000e+03	6.441005e+03	0.000000e+00
4.21696500000e+03	6.425100e+03	0.000000e+00
4.46683600000e+03	6.407698e+03	0.000000e+00
4.73151300000e+03	6.391786e+03	0.000000e+00
5.01187200000e+03	6.374794e+03	0.000000e+00
5.30884400000e+03	6.358228e+03	0.000000e+00
5.62341300000e+03	6.342572e+03	0.000000e+00
5.95662100000e+03	6.326773e+03	0.000000e+00
6.30957300000e+03	6.310186e+03	0.000000e+00
6.68343900000e+03	6.296180e+03	0.000000e+00
7.07945800000e+03	6.280791e+03	0.000000e+00
7.49894200000e+03	6.266404e+03	0.000000e+00
7.94328200000e+03	6.253120e+03	0.000000e+00
8.41395100000e+03	6.239701e+03	0.000000e+00
8.91250900000e+03	6.226274e+03	0.000000e+00
9.44060900000e+03	6.213335e+03	0.000000e+00
1.00000000000e+04	6.201262e+03	0.000000e+00
1.05925370000e+04	6.189094e+03	0.000000e+00
1.12201850000e+04	6.177122e+03	0.000000e+00
1.18850220000e+04	6.166928e+03	0.000000e+00
1.25892540000e+04	6.157873e+03	0.000000e+00
1.33352140000e+04	6.147584e+03	0.000000e+00
1.41253750000e+04	6.138251e+03	0.000000e+00
1.49623570000e+04	6.129346e+03	0.000000e+00
1.58489320000e+04	6.121594e+03	0.000000e+00
1.67880400000e+04	6.112538e+03	0.000000e+00
1.77827940000e+04	6.104849e+03	0.000000e+00
1.88364910000e+04	6.097492e+03	0.000000e+00
1.99526230000e+04	6.090048e+03	0.000000e+00
2.11348900000e+04	6.083685e+03	0.000000e+00
2.23872110000e+04	6.077699e+03	0.000000e+00
2.37137370000e+04	6.071615e+03	0.000000e+00
2.51188640000e+04	6.065647e+03	0.000000e+00
2.66072510000e+04	6.060461e+03	0.000000e+00
2.81838290000e+04	6.055422e+03	0.000000e+00
2.98538260000e+04	6.050540e+03	0.000000e+00
3.16227770000e+04	6.046554e+03	0.000000e+00
3.34965440000e+04	6.042386e+03	0.000000e+00
3.54813390000e+04	6.038477e+03	0.000000e+00
3.75837400000e+04	6.034495e+03	0.000000e+00
3.98107170000e+04	6.030618e+03	0.000000e+00
4.21696500000e+04	6.027753e+03	0.000000e+00
4.46683590000e+04	6.024042e+03	0.000000e+00
4.73151260000e+04	6.020454e+03	0.000000e+00
5.01187230000e+04	6.018142e+03	0.000000e+00
5.30884440000e+04	6.015005e+03	0.000000e+00
5.62341330000e+04	6.012596e+03	0.000000e+00
5.95662140000e+04	6.010735e+03	0.000000e+00
6.30957340000e+04	6.007909e+03	0.000000e+00
6.68343920000e+04	6.005761e+03	0.000000e+00
7.07945780000e+04	6.003474e+03	0.000000e+00
7.49894210000e+04	6.002122e+03	0.000000e+00
7.94328230000e+04	5.999702e+03	0.000000e+00
8.41395140000e+04	5.998005e+03	0.000000e+00
8.91250940000e+04	5.996375e+03	0.000000e+00
9.44060880000e+04	5.994432e+03	0.000000e+00
1.00000000000e+05	5.993415e+03	0.000000e+00
1.05925373000e+05	5.991216e+03	0.000000e+00
1.12201845000e+05	5.990307e+03	0.000000e+00
1.18850223000e+05	5.988660e+03	0.000000e+00
1.25892541000e+05	5.987736e+03	0.000000e+00
1.33352143000e+05	5.986424e+03	0.000000e+00
1.41253754000e+05	5.984858e+03	0.000000e+00
1.49623566000e+05	5.983965e+03	0.000000e+00
1.58489319000e+05	5.982689e+03	0.000000e+00
1.67880402000e+05	5.981597e+03	0.000000e+00
1.77827941000e+05	5.980955e+03	0.000000e+00
1.88364909000e+05	5.979523e+03	0.000000e+00
1.99526231000e+05	5.978942e+03	0.000000e+00
2.11348904000e+05	5.977898e+03	0.000000e+00
2.23872114000e+05	5.976544e+03	0.000000e+00
2.37137371000e+05	5.976115e+03	0.000000e+00
2.51188643000e+05	5.974843e+03	0.000000e+00
2.66072506000e+05	5.973899e+03	0.000000e+00
2.81838293000e+05	5.973462e+03	0.000000e+00
2.98538262000e+05	5.972702e+03	0.000000e+00
3.16227766000e+05	5.971238e+03	0.000000e+00
3.34965439000e+05	5.970653e+03	0.000000e+00
3.54813389000e+05	5.969655e+03	0.000000e+00
3.75837404000e+05	5.968949e+03	0.000000e+00
3.98107171000e+05	5.968173e+03	0.000000e+00
4.21696503000e+05	5.966864e+03	0.000000e+00
4.46683592000e+05	5.966066e+03	0.000000e+00
4.73151259000e+05	5.965284e+03	0.000000e+00
5.01187234000e+05	5.964564e+03	0.000000e+00
5.30884444000e+05	5.963226e+03	0.000000e+00
5.62341325000e+05	5.962362e+03	0.000000e+00
5.95662144000e+05	5.961280e+03	0.000000e+00
6.30957344000e+05	5.960470e+03	0.000000e+00
6.68343918000e+05	5.959060e+03	0.000000e+00
7.07945784000e+05	5.958153e+03	0.000000e+00
7.49894209000e+05	5.957073e+03	0.000000e+00
7.94328235000e+05	5.955900e+03	0.000000e+00
8.41395142000e+05	5.954859e+03	0.000000e+00
8.91250938000e+05	5.953519e+03	0.000000e+00
9.44060876000e+05	5.952162e+03	0.000000e+00
1.00000000000e+06	5.951057e+03	0.000000e+00
1.05925372500e+06	5.949350e+03	0.000000e+00
1.12201845400e+06	5.946420e+03	0.000000e+00
1.18850222700e+06	5.944519e+03	0.000000e+00
1.25892541200e+06	5.942794e+03	0.000000e+00
1.33352143200e+06	5.940650e+03	0.000000e+00
1.41253754500e+06	5.938067e+03	0.000000e+00
1.49623565600e+06	5.935673e+03	0.000000e+00
1.58489319200e+06	5.932975e+03	0.000000e+00
1.67880401800e+06	5.930310e+03	0.000000e+00
1.77827941000e+06	5.926912e+03	0.000000e+00
1.88364908900e+06	5.923769e+03	0.000000e+00
1.99526231500e+06	5.920102e+03	0.000000e+00
2.11348904000e+06	5.915754e+03	0.000000e+00
2.23872113900e+06	5.911812e+03	0.000000e+00
2.37137370600e+06	5.906812e+03	0.000000e+00
2.51188643200e+06	5.901637e+03	0.000000e+00
2.66072506000e+06	5.895943e+03	0.000000e+00
2.81838293100e+06	5.889729e+03	0.000000e+00
2.98538261900e+06	5.882823e+03	0.000000e+00
3.16227766000e+06	5.875596e+03	0.000000e+00
3.34965439200e+06	5.867539e+03	0.000000e+00
3.54813389200e+06	5.858298e+03	0.000000e+00
3.75837404300e+06	5.848288e+03	0.000000e+00
3.98107170600e+06	5.837507e+03	0.000000e+00
4.21696503400e+06	5.825401e+03	0.000000e+00
4.46683592200e+06	5.812124e+03	0.000000e+00
4.73151259000e+06	5.797865e+03	0.000000e+00
5.01187233600e+06	5.782120e+03	0.000000e+00
5.30884444200e+06	5.764287e+03	0.000000e+00
5.62341325200e+06	5.744832e+03	0.000000e+00
5.95662143500e+06	5.723687e+03	0.000000e+00
6.30957344500e+06	5.700017e+03	0.000000e+00
6.68343917600e+06	5.674800e+03	0.000000e+00
7.07945784400e+06	5.647342e+03	0.000000e+00
7.49894209300e+06	5.620520e+03	0.000000e+00
7.94328234700e+06	5.604244e+03	0.000000e+00
8.41395141600e+06	5.541601e+03	0.000000e+00
8.91250938100e+06	5.493459e+03	0.000000e+00
9.44060876300e+06	5.447276e+03	0.000000e+00
1.00000000000e+07	5.397300e+03	0.000000e+00
1.05925372520e+07	5.341903e+03	0.000000e+00
1.12201845430e+07	5.280986e+03	0.000000e+00
1.18850222740e+07	5.215310e+03	0.000000e+00
1.25892541180e+07	5.143769e+03	0.000000e+00
1.33352143220e+07	5.065374e+03	0.000000e+00
1.41253754460e+07	4.981086e+03	0.000000e+00
1.49623565610e+07	4.889354e+03	0.000000e+00
1.58489319250e+07	4.882574e+03	0.000000e+00
1.67880401810e+07	4.785123e+03	0.000000e+00
1.77827941000e+07	4.681922e+03	0.000000e+00
1.88364908950e+07	4.572229e+03	0.000000e+00
1.99526231500e+07	4.451953e+03	0.000000e+00
2.11348903980e+07	4.324922e+03	0.000000e+00
2.23872113860e+07	4.196339e+03	0.000000e+00
2.37137370570e+07	4.062554e+03	0.000000e+00
2.51188643150e+07	3.927161e+03	0.000000e+00
2.66072505980e+07	3.784334e+03	0.000000e+00
2.81838293130e+07	3.636686e+03	0.000000e+00
2.98538261890e+07	3.488333e+03	0.000000e+00
3.16227766020e+07	3.337543e+03	0.000000e+00
3.34965439160e+07	3.185185e+03	0.000000e+00
3.54813389230e+07	3.031712e+03	0.000000e+00
3.75837404290e+07	2.878604e+03	0.000000e+00
3.98107170550e+07	2.724990e+03	0.000000e+00
4.21696503430e+07	2.571929e+03	0.000000e+00
4.46683592150e+07	2.419955e+03	0.000000e+00
4.73151258960e+07	2.273897e+03	0.000000e+00
5.01187233630e+07	2.130522e+03	0.000000e+00
5.30884444230e+07	1.989866e+03	0.000000e+00
5.62341325190e+07	1.854756e+03	0.000000e+00
5.95662143530e+07	1.726032e+03	0.000000e+00
6.30957344480e+07	1.600986e+03	0.000000e+00
6.68343917570e+07	1.481260e+03	0.000000e+00
7.07945784380e+07	1.366394e+03	0.000000e+00
7.49894209330e+07	1.258226e+03	0.000000e+00
7.94328234720e+07	1.155721e+03	0.000000e+00
8.41395141650e+07	1.056184e+03	0.000000e+00
8.91250938130e+07	9.655521e+02	0.000000e+00
9.44060876290e+07	8.800653e+02	0.000000e+00
1.00000000000e+08	8.000488e+02	0.000000e+00


"TRACE: B"
"FORMAT: LINEAR"

"Frequency"	"Data Trace Real"	"Data Trace Imag"
1.00000000000e+03	-2.277625e+03	0.000000e+00
1.05925400000e+03	-2.172789e+03	0.000000e+00
1.12201800000e+03	-2.075060e+03	0.000000e+00
1.18850200000e+03	-1.983279e+03	0.000000e+00
1.25892500000e+03	-1.896605e+03	0.000000e+00
1.33352100000e+03	-1.814620e+03	0.000000e+00
1.41253800000e+03	-1.736476e+03	0.000000e+00
1.49623600000e+03	-1.662950e+03	0.000000e+00
1.58489300000e+03	-1.593699e+03	0.000000e+00
1.67880400000e+03	-1.528150e+03	0.000000e+00
1.77827900000e+03	-1.464844e+03	0.000000e+00
1.88364900000e+03	-1.406293e+03	0.000000e+00
1.99526200000e+03	-1.350784e+03	0.000000e+00
2.11348900000e+03	-1.297414e+03	0.000000e+00
2.23872100000e+03	-1.247791e+03	0.000000e+00
2.37137400000e+03	-1.200366e+03	0.000000e+00
2.51188600000e+03	-1.155191e+03	0.000000e+00
2.66072500000e+03	-1.113125e+03	0.000000e+00
2.81838300000e+03	-1.072805e+03	0.000000e+00
2.98538300000e+03	-1.034181e+03	0.000000e+00
3.16227800000e+03	-9.962611e+02	0.000000e+00
3.34965400000e+03	-9.620612e+02	0.000000e+00
3.54813400000e+03	-9.284192e+02	0.000000e+00
3.75837400000e+03	-8.974099e+02	0.000000e+00
3.98107200000e+03	-8.660199e+02	0.000000e+00
4.21696500000e+03	-8.353130e+02	0.000000e+00
4.46683600000e+03	-8.078361e+02	0.000000e+00
4.73151300000e+03	-7.799656e+02	0.000000e+00
5.01187200000e+03	-7.539575e+02	0.000000e+00
5.30884400000e+03	-7.288225e+02	0.000000e+00
5.62341300000e+03	-7.029412e+02	0.000000e+00
5.95662100000e+03	-6.793394e+02	0.000000e+00
6.30957300000e+03	-6.559661e+02	0.000000e+00
6.68343900000e+03	-6.333090e+02	0.000000e+00
7.07945800000e+03	-6.113944e+02	0.000000e+00
7.49894200000e+03	-5.908638e+02	0.000000e+00
7.94328200000e+03	-5.683351e+02	0.000000e+00
8.41395100000e+03	-5.503469e+02	0.000000e+00
8.91250900000e+03	-5.310708e+02	0.000000e+00
9.44060900000e+03	-5.104012e+02	0.000000e+00
1.00000000000e+04	-4.908473e+02	0.000000e+00
1.05925370000e+04	-4.721956e+02	0.000000e+00
1.12201850000e+04	-4.559545e+02	0.000000e+00
1.18850220000e+04	-4.377468e+02	0.000000e+00
1.25892540000e+04	-4.225276e+02	0.000000e+00
1.33352140000e+04	-4.049384e+02	0.000000e+00
1.41253750000e+04	-3.899001e+02	0.000000e+00
1.49623570000e+04	-3.736461e+02	0.000000e+00
1.58489320000e+04	-3.605295e+02	0.000000e+00
1.67880400000e+04	-3.465921e+02	0.000000e+00
1.77827940000e+04	-3.320208e+02	0.000000e+00
1.88364910000e+04	-3.194459e+02	0.000000e+00
1.99526230000e+04	-3.065590e+02	0.000000e+00
2.11348900000e+04	-2.941095e+02	0.000000e+00
2.23872110000e+04	-2.821600e+02	0.000000e+00
2.37137370000e+04	-2.721934e+02	0.000000e+00
2.51188640000e+04	-2.606384e+02	0.000000e+00
2.66072510000e+04	-2.494972e+02	0.000000e+00
2.81838290000e+04	-2.391874e+02	0.000000e+00
2.98538260000e+04	-2.302201e+02	0.000000e+00
3.16227770000e+04	-2.213947e+02	0.000000e+00
3.34965440000e+04	-2.120298e+02	0.000000e+00
3.54813390000e+04	-2.041628e+02	0.000000e+00
3.75837400000e+04	-1.962516e+02	0.000000e+00
3.98107170000e+04	-1.878007e+02	0.000000e+00
4.21696500000e+04	-1.813799e+02	0.000000e+00
4.46683590000e+04	-1.738940e+02	0.000000e+00
4.73151260000e+04	-1.672585e+02	0.000000e+00
5.01187230000e+04	-1.599250e+02	0.000000e+00
5.30884440000e+04	-1.548920e+02	0.000000e+00
5.62341330000e+04	-1.491750e+02	0.000000e+00
5.95662140000e+04	-1.433289e+02	0.000000e+00
6.30957340000e+04	-1.384973e+02	0.000000e+00
6.68343920000e+04	-1.336377e+02	0.000000e+00
7.07945780000e+04	-1.293365e+02	0.000000e+00
7.49894210000e+04	-1.253099e+02	0.000000e+00
7.94328230000e+04	-1.208779e+02	0.000000e+00
8.41395140000e+04	-1.171595e+02	0.000000e+00
8.91250940000e+04	-1.150774e+02	0.000000e+00
9.44060880000e+04	-1.105615e+02	0.000000e+00
1.00000000000e+05	-1.075038e+02	0.000000e+00
1.05925373000e+05	-1.053451e+02	0.000000e+00
1.12201845000e+05	-1.045341e+02	0.000000e+00
1.18850223000e+05	-1.014224e+02	0.000000e+00
1.25892541000e+05	-9.823424e+01	0.000000e+00
1.33352143000e+05	-9.705009e+01	0.000000e+00
1.41253754000e+05	-9.555896e+01	0.000000e+00
1.49623566000e+05	-9.536520e+01	0.000000e+00
1.58489319000e+05	-9.393951e+01	0.000000e+00
1.67880402000e+05	-9.201723e+01	0.000000e+00
1.77827941000e+05	-9.195085e+01	0.000000e+00
1.88364909000e+05	-9.176625e+01	0.000000e+00
1.99526231000e+05	-9.182646e+01	0.000000e+00
2.11348904000e+05	-9.226953e+01	0.000000e+00
2.23872114000e+05	-9.308337e+01	0.000000e+00
2.37137371000e+05	-9.317683e+01	0.000000e+00
2.51188643000e+05	-9.299013e+01	0.000000e+00
2.66072506000e+05	-9.464722e+01	0.000000e+00
2.81838293000e+05	-9.654523e+01	0.000000e+00
2.98538262000e+05	-9.746872e+01	0.000000e+00
3.16227766000e+05	-9.918030e+01	0.000000e+00
3.34965439000e+05	-1.010490e+02	0.000000e+00
3.54813389000e+05	-1.029953e+02	0.000000e+00
3.75837404000e+05	-1.061475e+02	0.000000e+00
3.98107171000e+05	-1.089401e+02	0.000000e+00
4.21696503000e+05	-1.116535e+02	0.000000e+00
4.46683592000e+05	-1.164743e+02	0.000000e+00
4.73151259000e+05	-1.195908e+02	0.000000e+00
5.01187234000e+05	-1.234476e+02	0.000000e+00
5.30884444000e+05	-1.278174e+02	0.000000e+00
5.62341325000e+05	-1.329558e+02	0.000000e+00
5.95662144000e+05	-1.379730e+02	0.000000e+00
6.30957344000e+05	-1.443975e+02	0.000000e+00
6.68343918000e+05	-1.507701e+02	0.000000e+00
7.07945784000e+05	-1.571676e+02	0.000000e+00
7.49894209000e+05	-1.624179e+02	0.000000e+00
7.94328235000e+05	-1.700630e+02	0.000000e+00
8.41395142000e+05	-1.783517e+02	0.000000e+00
8.91250938000e+05	-1.870571e+02	0.000000e+00
9.44060876000e+05	-1.962034e+02	0.000000e+00
1.00000000000e+06	-2.052824e+02	0.000000e+00
1.05925372500e+06	-2.159467e+02	0.000000e+00
1.12201845400e+06	-2.261584e+02	0.000000e+00
1.18850222700e+06	-2.374213e+02	0.000000e+00
1.25892541200e+06	-2.495569e+02	0.000000e+00
1.33352143200e+06	-2.630823e+02	0.000000e+00
1.41253754500e+06	-2.764929e+02	0.000000e+00
1.49623565600e+06	-2.900605e+02	0.000000e+00
1.58489319200e+06	-3.062354e+02	0.000000e+00
1.67880401800e+06	-3.223506e+02	0.000000e+00
1.77827941000e+06	-3.393085e+02	0.000000e+00
1.88364908900e+06	-3.573195e+02	0.000000e+00
1.99526231500e+06	-3.761278e+02	0.000000e+00
2.11348904000e+06	-3.964347e+02	0.000000e+00
2.23872113900e+06	-4.178582e+02	0.000000e+00
2.37137370600e+06	-4.404830e+02	0.000000e+00
2.51188643200e+06	-4.637604e+02	0.000000e+00
2.66072506000e+06	-4.893199e+02	0.000000e+00
2.81838293100e+06	-5.158169e+02	0.000000e+00
2.98538261900e+06	-5.434683e+02	0.000000e+00
3.16227766000e+06	-5.733308e+02	0.000000e+00
3.34965439200e+06	-6.044957e+02	0.000000e+00
3.54813389200e+06	-6.371440e+02	0.000000e+00
3.75837404300e+06	-6.714058e+02	0.000000e+00
3.98107170600e+06	-7.080443e+02	0.000000e+00
4.21696503400e+06	-7.461586e+02	0.000000e+00
4.46683592200e+06	-7.859027e+02	0.000000e+00
4.73151259000e+06	-8.281587e+02	0.000000e+00
5.01187233600e+06	-8.721073e+02	0.000000e+00
5.30884444200e+06	-9.188680e+02	0.000000e+00
5.62341325200e+06	-9.668153e+02	0.000000e+00
5.95662143500e+06	-1.017548e+03	0.000000e+00
6.30957344500e+06	-1.070569e+03	0.000000e+00
6.68343917600e+06	-1.124990e+03	0.000000e+00
7.07945784400e+06	-1.181024e+03	0.000000e+00
7.49894209300e+06	-1.239033e+03	0.000000e+00
7.94328234700e+06	-1.307747e+03	0.000000e+00
8.41395141600e+06	-1.397206e+03	0.000000e+00
8.91250938100e+06	-1.452611e+03	0.000000e+00
9.44060876300e+06	-1.517971e+03	0.000000e+00
1.00000000000e+07	-1.586992e+03	0.000000e+00
1.05925372520e+07	-1.659211e+03	0.000000e+00
1.12201845430e+07	-1.732958e+03	0.000000e+00
1.18850222740e+07	-1.808043e+03	0.000000e+00
1.25892541180e+07	-1.884533e+03	0.000000e+00
1.33352143220e+07	-1.961460e+03	0.000000e+00
1.41253754460e+07	-2.038798e+03	0.000000e+00
1.49623565610e+07	-2.115760e+03	0.000000e+00
1.58489319250e+07	-2.139274e+03	0.000000e+00
1.67880401810e+07	-2.214713e+03	0.000000e+00
1.77827941000e+07	-2.287154e+03	0.000000e+00
1.88364908950e+07	-2.358406e+03	0.000000e+00
1.99526231500e+07	-2.427868e+03	0.000000e+00
2.11348903980e+07	-2.482067e+03	0.000000e+00
2.23872113860e+07	-2.537869e+03	0.000000e+00
2.37137370570e+07	-2.587384e+03	0.000000e+00
2.51188643150e+07	-2.632874e+03	0.000000e+00
2.66072505980e+07	-2.671368e+03	0.000000e+00
2.81838293130e+07	-2.704677e+03	0.000000e+00
2.98538261890e+07	-2.729240e+03	0.000000e+00
3.16227766020e+07	-2.747054e+03	0.000000e+00
3.34965439160e+07	-2.757976e+03	0.000000e+00
3.54813389230e+07	-2.760794e+03	0.000000e+00
3.75837404290e+07	-2.756756e+03	0.000000e+00
3.98107170550e+07	-2.744854e+03	0.000000e+00
4.21696503430e+07	-2.726176e+03	0.000000e+00
4.46683592150e+07	-2.697015e+03	0.000000e+00
4.73151258960e+07	-2.660786e+03	0.000000e+00
5.01187233630e+07	-2.618295e+03	0.000000e+00
5.30884444230e+07	-2.571427e+03	0.000000e+00
5.62341325190e+07	-2.516110e+03	0.000000e+00
5.95662143530e+07	-2.457436e+03	0.000000e+00
6.30957344480e+07	-2.393753e+03	0.000000e+00
6.68343917570e+07	-2.327055e+03	0.000000e+00
7.07945784380e+07	-2.256141e+03	0.000000e+00
7.49894209330e+07	-2.180873e+03	0.000000e+00
7.94328234720e+07	-2.104085e+03	0.000000e+00
8.41395141650e+07	-2.025620e+03	0.000000e+00
8.91250938130e+07	-1.943479e+03	0.000000e+00
9.44060876290e+07	-1.861263e+03	0.000000e+00
1.00000000000e+08	-1.779952e+03	0.000000e+00
