1000.000	17407.760	-2398.656
1059.254	17360.730	-2308.314
1122.018	17311.690	-2220.613
1188.502	17265.810	-2132.980
1258.925	17220.870	-2050.392
1333.521	17178.490	-1972.029
1412.538	17137.530	-1894.563
1496.236	17096.610	-1819.881
1584.893	17059.560	-1749.545
1678.804	17021.380	-1678.952
1778.279	16986.710	-1612.318
1883.649	16951.980	-1546.312
1995.262	16920.950	-1484.976
2113.489	16891.810	-1424.079
2238.721	16862.730	-1367.883
2371.374	16835.540	-1312.295
2511.886	16807.510	-1256.584
2660.725	16782.060	-1205.177
2818.383	16758.530	-1155.432
2985.383	16736.060	-1107.829
3162.278	16712.180	-1062.172
3349.654	16692.510	-1018.529
3548.134	16675.060	-978.589
3758.374	16653.980	-938.592
3981.072	16640.230	-897.501
4216.965	16621.870	-861.587
4466.836	16607.570	-827.677
4731.513	16591.550	-790.081
5011.872	16577.580	-757.252
5308.844	16562.800	-726.916
5623.413	16550.320	-696.052
5956.621	16536.860	-664.759
6309.573	16526.050	-639.384
6683.439	16516.870	-618.437
7079.458	16505.540	-588.644
7498.942	16495.290	-567.818
7943.282	16490.180	-543.480
8413.951	16481.640	-524.750
8912.509	16471.090	-497.180
9440.609	16468.090	-486.437
10000.000	16462.000	-465.666
10592.537	16450.410	-445.639
11220.185	16448.220	-431.912
11885.022	16441.530	-420.027
12589.254	16434.780	-402.880
13335.214	16429.430	-388.173
14125.375	16423.300	-377.242
14962.357	16417.910	-365.926
15848.932	16415.020	-354.591
16788.040	16410.770	-344.320
17782.794	16408.570	-338.521
18836.491	16402.550	-331.303
19952.623	16400.770	-321.954
21134.890	16396.930	-316.856
22387.211	16396.980	-313.299
23713.737	16391.430	-307.450
25118.864	16390.880	-303.653
26607.251	16387.780	-300.933
28183.829	16385.800	-299.437
29853.826	16382.270	-302.258
31622.777	16382.370	-296.472
33496.544	16380.070	-296.833
35481.339	16379.790	-299.714
37583.740	16377.300	-302.263
39810.717	16374.260	-303.649
42169.650	16373.350	-310.473
44668.359	16371.810	-315.789
47315.126	16371.210	-324.140
50118.723	16368.430	-328.658
53088.444	16367.070	-338.318
56234.133	16367.070	-347.391
59566.214	16365.410	-357.542
63095.734	16365.200	-370.820
66834.392	16363.660	-384.513
70794.578	16363.340	-398.996
74989.421	16360.690	-412.289
79432.823	16359.980	-427.771
84139.514	16357.500	-442.587
89125.094	16355.760	-467.053
94406.088	16353.870	-485.697
100000.000	16350.790	-507.497
105925.373	16349.030	-533.018
112201.845	16346.980	-560.543
118850.223	16345.990	-585.417
125892.541	16343.900	-613.850
133352.143	16340.470	-645.919
141253.754	16337.970	-680.264
149623.566	16332.390	-717.580
158489.319	16331.840	-753.495
167880.402	16324.250	-794.430
177827.941	16321.230	-838.342
188364.909	16314.690	-883.298
199526.231	16307.930	-932.921
211348.904	16302.140	-981.371
223872.114	16293.960	-1038.689
237137.371	16286.160	-1094.501
251188.643	16276.270	-1155.986
266072.506	16266.270	-1221.838
281838.293	16254.510	-1292.133
298538.262	16244.000	-1361.442
316227.766	16228.470	-1441.848
334965.439	16212.840	-1522.676
354813.389	16192.880	-1606.113
375837.404	16172.520	-1699.893
398107.171	16149.160	-1792.251
421696.503	16126.200	-1895.715
446683.592	16097.840	-2001.785
473151.259	16067.320	-2114.265
501187.234	16032.740	-2229.667
530884.444	15993.470	-2356.632
562341.325	15949.620	-2485.291
595662.144	15904.350	-2622.190
630957.344	15850.210	-2764.887
668343.918	15791.250	-2916.121
707945.784	15727.130	-3071.169
749894.209	15654.760	-3235.805
794328.235	15574.870	-3407.792
841395.142	15486.320	-3584.349
891250.938	15389.480	-3770.826
944060.876	15280.130	-3960.876
1000000.000	15161.610	-4159.499
1059253.725	15027.990	-4364.162
1122018.454	14886.450	-4568.185
1188502.227	14728.190	-4782.155
1258925.412	14557.900	-4998.762
1333521.432	14367.850	-5225.841
1412537.545	14164.850	-5446.961
1496235.656	13944.980	-5669.691
1584893.192	13707.990	-5893.048
1678804.018	13450.800	-6118.096
1778279.410	13177.230	-6337.871
1883649.089	12882.760	-6555.641
1995262.315	12561.790	-6765.160
2113489.040	12225.770	-6961.936
2238721.139	11876.040	-7145.607
2371373.706	11505.240	-7320.174
2511886.432	11122.870	-7479.801
2660725.060	10723.840	-7635.643
2818382.931	10287.360	-7758.424
2985382.619	9861.129	-7854.250
3162277.660	9419.371	-7934.734
3349654.392	8970.662	-7992.303
3548133.892	8521.133	-8010.756
3758374.043	8071.555	-8015.070
3981071.706	7625.492	-7999.276
4216965.034	7180.234	-7962.317
4466835.922	6741.576	-7897.939
4731512.590	6316.932	-7822.818
5011872.336	5889.800	-7749.771
5308844.442	5417.975	-7645.502
5623413.252	4979.877	-7452.789
5956621.435	4600.016	-7252.179
6309573.445	4241.264	-7054.983
6683439.176	3901.294	-6839.602
7079457.844	3591.581	-6624.658
7498942.093	3296.364	-6410.987
7943282.347	3019.351	-6192.205
8413951.416	2758.011	-5974.979
8912509.381	2509.513	-5756.014
9440608.763	2275.068	-5533.257
10000000.000	2061.436	-5310.340
10592537.252	1843.306	-5096.312
11220184.543	1660.513	-4838.723
11885022.274	1509.746	-4614.340
12589254.118	1369.323	-4405.913
13335214.322	1231.453	-4204.725
14125375.446	1088.512	-4015.968
14962356.561	961.274	-3796.175
15848931.925	853.888	-3638.007
16788040.181	765.133	-3437.672
17782794.100	676.468	-3242.498
18836490.895	619.323	-3054.153
19952623.150	565.751	-2885.941
21134890.398	517.028	-2730.240
22387211.386	468.639	-2584.696
23713737.057	422.051	-2446.937
25118864.315	376.395	-2314.175
26607250.598	330.670	-2188.938
28183829.313	282.251	-2062.148
29853826.189	244.812	-1924.880
31622776.602	228.335	-1806.514
33496543.916	204.775	-1701.404
35481338.923	178.482	-1602.589
37583740.429	142.929	-1506.754
39810717.055	124.811	-1392.221
42169650.343	109.496	-1304.714
44668359.215	90.800	-1222.319
47315125.896	57.066	-1150.041
50118723.363	21.728	-1018.923
53088444.423	22.917	-940.352
56234132.519	4.690	-855.808
59566214.353	2.450	-768.010
63095734.448	-5.614	-690.292
66834391.757	-11.576	-609.670
70794578.438	-8.980	-529.864
74989420.933	-5.590	-456.723
79432823.472	-0.366	-389.744
84139514.165	2.405	-326.816
89125093.813	4.415	-264.308
94406087.629	8.809	-204.741
100000000.000	13.116	-149.116
