1000.000	6869.541	-2195.069
1059.254	6844.695	-2093.032
1122.018	6820.326	-1996.498
1188.502	6796.674	-1903.072
1258.925	6775.196	-1814.935
1333.521	6753.928	-1730.599
1412.538	6733.968	-1649.715
1496.236	6714.621	-1573.381
1584.893	6695.602	-1500.997
1678.804	6678.047	-1430.921
1778.279	6661.293	-1363.085
1883.649	6645.432	-1299.152
1995.262	6629.400	-1238.590
2113.489	6616.039	-1182.111
2238.721	6601.477	-1127.777
2371.374	6588.623	-1075.225
2511.886	6575.033	-1025.926
2660.725	6563.694	-977.753
2818.383	6550.326	-933.784
2985.383	6540.014	-890.325
3162.278	6528.314	-850.330
3349.654	6519.785	-811.520
3548.134	6510.763	-773.129
3758.374	6499.383	-740.552
3981.072	6491.114	-705.061
4216.965	6482.123	-674.132
4466.836	6474.721	-641.744
4731.513	6466.723	-614.127
5011.872	6457.791	-585.609
5308.844	6450.496	-560.486
5623.413	6441.621	-534.405
5956.621	6436.095	-512.819
6309.573	6429.580	-491.059
6683.439	6424.063	-466.206
7079.458	6416.776	-446.232
7498.942	6409.137	-426.922
7943.282	6403.822	-409.215
8413.951	6400.548	-389.731
8912.509	6394.930	-371.778
9440.609	6390.074	-355.070
10000.000	6384.271	-342.196
10592.537	6378.749	-326.351
11220.185	6377.947	-311.897
11885.022	6370.731	-297.778
12589.254	6364.539	-285.875
13335.214	6362.783	-271.963
14125.375	6358.701	-259.832
14962.357	6354.287	-250.932
15848.932	6354.257	-239.952
16788.040	6350.109	-227.954
17782.794	6345.169	-218.748
18836.491	6342.781	-209.366
19952.623	6340.455	-201.686
21134.890	6336.409	-193.904
22387.211	6334.072	-185.809
23713.737	6332.518	-176.106
25118.864	6331.719	-171.120
26607.251	6329.032	-166.913
28183.829	6326.842	-160.434
29853.826	6325.410	-153.906
31622.777	6324.663	-149.160
33496.544	6320.525	-143.284
35481.339	6321.459	-137.845
37583.740	6318.619	-134.611
39810.717	6317.912	-130.011
42169.650	6315.490	-124.765
44668.359	6314.607	-123.326
47315.126	6313.818	-120.402
50118.723	6312.643	-120.012
53088.444	6311.885	-115.040
56234.133	6311.448	-114.373
59566.214	6311.275	-112.974
63095.734	6310.431	-113.082
66834.392	6309.002	-112.050
70794.578	6307.689	-110.419
74989.421	6306.844	-110.075
79432.823	6306.337	-107.974
84139.514	6305.516	-109.098
89125.094	6304.936	-109.977
94406.088	6305.747	-110.755
100000.000	6304.791	-111.914
105925.373	6304.008	-113.171
112201.845	6303.715	-117.034
118850.223	6302.818	-117.193
125892.541	6302.766	-119.299
133352.143	6302.811	-122.941
141253.754	6301.211	-125.415
149623.566	6301.555	-130.386
158489.319	6300.785	-134.912
167880.402	6300.293	-137.945
177827.941	6300.060	-144.293
188364.909	6298.381	-150.103
199526.231	6297.951	-156.081
211348.904	6297.477	-160.835
223872.114	6297.264	-169.793
237137.371	6296.191	-177.177
251188.643	6296.584	-184.262
266072.506	6294.790	-194.834
281838.293	6294.770	-202.740
298538.262	6293.225	-211.683
316227.766	6292.887	-224.689
334965.439	6290.816	-236.023
354813.389	6289.218	-248.392
375837.404	6287.926	-259.430
398107.171	6287.236	-272.332
421696.503	6286.118	-287.919
446683.592	6284.498	-304.359
473151.259	6282.168	-320.005
501187.234	6279.584	-337.698
530884.444	6277.995	-356.121
562341.325	6274.455	-376.315
595662.144	6270.906	-396.610
630957.344	6268.639	-418.682
668343.918	6265.031	-442.854
707945.784	6261.104	-466.048
749894.209	6255.689	-492.496
794328.235	6251.252	-520.382
841395.142	6244.662	-549.715
891250.938	6239.189	-581.798
944060.876	6232.442	-613.253
1000000.000	6224.604	-648.629
1059253.725	6216.438	-684.715
1122018.454	6206.549	-721.007
1188502.227	6195.431	-761.708
1258925.412	6183.124	-805.806
1333521.432	6170.614	-850.191
1412537.545	6154.674	-896.669
1496235.656	6139.846	-946.584
1584893.192	6120.787	-997.511
1678804.018	6102.146	-1051.518
1778279.410	6079.410	-1109.373
1883649.089	6055.119	-1168.309
1995262.315	6027.819	-1230.992
2113489.040	5997.162	-1295.400
2238721.139	5963.659	-1363.146
2371373.706	5926.573	-1432.716
2511886.432	5886.476	-1503.666
2660725.060	5844.799	-1580.058
2818382.931	5792.849	-1661.229
2985382.619	5737.791	-1739.433
3162277.660	5678.842	-1821.836
3349654.392	5611.349	-1903.008
3548133.892	5541.478	-1988.293
3758374.043	5464.501	-2071.455
3981071.706	5383.192	-2158.562
4216965.034	5294.234	-2244.040
4466835.922	5200.010	-2329.711
4731512.590	5100.069	-2414.117
5011872.336	4998.879	-2505.767
5308844.442	4874.619	-2608.928
5623413.252	4727.426	-2691.283
5956621.435	4582.699	-2757.693
6309573.445	4436.620	-2823.276
6683439.176	4280.711	-2879.023
7079457.844	4126.004	-2926.884
7498942.093	3966.743	-2970.585
7943282.347	3803.262	-3007.411
8413951.416	3636.990	-3038.475
8912509.381	3465.561	-3063.827
9440608.763	3290.820	-3079.957
10000000.000	3113.304	-3084.515
10592537.252	2934.096	-3090.350
11220184.543	2740.963	-3060.978
11885022.274	2570.659	-3025.467
12589254.118	2406.831	-2987.691
13335214.322	2243.573	-2946.363
14125375.446	2077.288	-2910.977
14962356.561	1900.791	-2841.979
15848931.925	1759.546	-2787.203
16788040.181	1614.357	-2698.494
17782794.100	1470.682	-2609.025
18836490.895	1348.485	-2507.027
19952623.150	1238.642	-2410.317
21134890.398	1136.634	-2315.978
22387211.386	1041.484	-2223.966
23713737.057	951.834	-2134.277
25118864.315	865.754	-2045.182
26607250.598	783.408	-1960.612
28183829.313	698.543	-1869.151
29853826.189	620.958	-1765.278
31622776.602	569.850	-1667.857
33496543.916	517.787	-1582.015
35481338.923	466.232	-1501.833
37583740.429	408.993	-1425.546
39810717.055	362.395	-1325.815
42169650.343	327.038	-1248.337
44668359.215	291.934	-1175.983
47315125.896	246.662	-1117.512
50118723.363	181.517	-1002.903
53088444.423	168.351	-926.564
56234132.519	135.494	-849.350
59566214.353	117.653	-764.586
63095734.448	97.315	-691.180
66834391.757	78.677	-613.319
70794578.438	69.039	-534.418
74989420.933	62.173	-460.954
79432823.472	59.414	-393.214
84139514.165	55.281	-330.188
89125093.813	49.939	-267.185
94406087.629	48.506	-206.929
100000000.000	46.160	-151.041
