1000.000	7170.167	-2077.541
1059.254	7138.873	-1982.784
1122.018	7108.270	-1892.157
1188.502	7080.065	-1804.676
1258.925	7053.291	-1721.668
1333.521	7027.871	-1642.596
1412.538	7003.798	-1566.691
1496.236	6981.709	-1493.961
1584.893	6960.361	-1425.145
1678.804	6939.842	-1359.171
1778.279	6920.536	-1295.674
1883.649	6903.165	-1236.150
1995.262	6886.079	-1178.300
2113.489	6870.974	-1124.834
2238.721	6855.530	-1072.620
2371.374	6841.455	-1023.331
2511.886	6827.295	-976.382
2660.725	6814.840	-930.872
2818.383	6802.068	-888.103
2985.383	6790.546	-847.935
3162.278	6779.312	-809.505
3349.654	6769.153	-772.882
3548.134	6758.932	-737.952
3758.374	6749.421	-705.773
3981.072	6739.834	-673.016
4216.965	6731.795	-643.469
4466.836	6722.292	-614.345
4731.513	6715.143	-587.224
5011.872	6707.177	-560.518
5308.844	6698.495	-536.759
5623.413	6690.335	-512.358
5956.621	6682.720	-490.734
6309.573	6678.091	-468.917
6683.439	6669.707	-449.646
7079.458	6664.034	-429.285
7498.942	6657.856	-410.978
7943.282	6652.286	-392.627
8413.951	6646.671	-376.366
8912.509	6641.436	-360.068
9440.609	6636.575	-345.261
10000.000	6631.364	-332.326
10592.537	6627.095	-317.961
11220.185	6621.030	-303.955
11885.022	6617.727	-291.018
12589.254	6613.863	-279.164
13335.214	6608.287	-267.212
14125.375	6604.023	-257.939
14962.357	6600.859	-245.016
15848.932	6597.735	-235.532
16788.040	6593.239	-224.975
17782.794	6590.220	-216.892
18836.491	6586.678	-207.778
19952.623	6583.507	-200.954
21134.890	6581.142	-192.378
22387.211	6577.770	-185.039
23713.737	6575.814	-177.556
25118.864	6573.376	-171.076
26607.251	6571.200	-165.388
28183.829	6569.688	-159.259
29853.826	6567.758	-154.334
31622.777	6566.084	-148.858
33496.544	6564.315	-144.088
35481.339	6562.321	-138.798
37583.740	6561.378	-134.724
39810.717	6559.619	-131.248
42169.650	6557.514	-128.674
44668.359	6557.019	-125.531
47315.126	6556.167	-121.812
50118.723	6555.394	-118.561
53088.444	6553.605	-118.094
56234.133	6553.447	-116.774
59566.214	6552.463	-114.115
63095.734	6551.193	-113.985
66834.392	6550.445	-112.208
70794.578	6549.477	-111.824
74989.421	6549.247	-111.954
79432.823	6548.477	-111.918
84139.514	6547.662	-111.703
89125.094	6547.678	-112.476
94406.088	6546.582	-113.704
100000.000	6545.830	-115.135
105925.373	6545.868	-116.883
112201.845	6545.387	-119.920
118850.223	6545.315	-123.058
125892.541	6544.192	-124.661
133352.143	6543.432	-127.663
141253.754	6543.424	-132.926
149623.566	6543.356	-137.820
158489.319	6542.717	-141.387
167880.402	6542.409	-145.359
177827.941	6541.983	-151.841
188364.909	6541.156	-158.186
199526.231	6540.284	-164.452
211348.904	6540.054	-171.382
223872.114	6539.386	-179.609
237137.371	6538.281	-186.635
251188.643	6537.607	-195.292
266072.506	6537.021	-204.593
281838.293	6536.379	-215.696
298538.262	6535.688	-226.348
316227.766	6534.296	-238.134
334965.439	6533.451	-248.921
354813.389	6531.663	-263.834
375837.404	6530.725	-275.716
398107.171	6528.867	-291.364
421696.503	6526.978	-306.785
446683.592	6525.434	-324.350
473151.259	6522.825	-342.208
501187.234	6521.169	-360.007
530884.444	6518.385	-379.585
562341.325	6515.123	-400.519
595662.144	6512.181	-422.674
630957.344	6508.556	-447.371
668343.918	6504.436	-472.385
707945.784	6500.327	-498.152
749894.209	6495.594	-525.740
794328.235	6490.125	-556.377
841395.142	6483.931	-587.254
891250.938	6477.214	-621.545
944060.876	6469.706	-656.476
1000000.000	6461.305	-692.692
1059253.725	6452.098	-732.392
1122018.454	6441.042	-772.370
1188502.227	6429.608	-815.186
1258925.412	6416.979	-860.583
1333521.432	6401.982	-909.402
1412537.545	6385.789	-959.521
1496235.656	6368.993	-1011.315
1584893.192	6349.438	-1066.742
1678804.018	6327.943	-1125.128
1778279.410	6303.760	-1185.620
1883649.089	6277.011	-1250.645
1995262.315	6247.204	-1316.991
2113489.040	6213.131	-1385.932
2238721.139	6176.795	-1457.661
2371373.706	6136.822	-1531.546
2511886.432	6093.333	-1608.329
2660725.060	6047.532	-1690.232
2818382.931	5989.820	-1775.806
2985382.619	5929.746	-1858.667
3162277.660	5865.667	-1946.188
3349654.392	5792.434	-2033.966
3548133.892	5714.790	-2121.136
3758374.043	5631.781	-2210.357
3981071.706	5541.881	-2300.471
4216965.034	5445.939	-2390.407
4466835.922	5341.833	-2478.893
4731512.590	5234.666	-2567.073
5011872.336	5123.064	-2661.718
5308844.442	4989.014	-2768.204
5623413.252	4829.855	-2850.241
5956621.435	4673.785	-2916.119
6309573.445	4516.994	-2979.991
6683439.176	4351.045	-3034.348
7079457.844	4184.985	-3079.501
7498942.093	4015.606	-3120.461
7943282.347	3843.024	-3153.147
8413951.416	3667.793	-3179.418
8912509.381	3487.841	-3199.472
9440608.763	3304.302	-3209.317
10000000.000	3120.313	-3208.072
10592537.252	2932.499	-3207.736
11220184.543	2733.202	-3169.593
11885022.274	2557.969	-3126.456
12589254.118	2391.265	-3080.768
13335214.322	2224.538	-3033.392
14125375.446	2054.625	-2991.047
14962356.561	1876.180	-2913.712
15848931.925	1734.094	-2854.219
16788040.181	1588.099	-2758.817
17782794.100	1444.148	-2663.497
18836490.895	1322.457	-2555.306
19952623.150	1213.429	-2453.024
21134890.398	1113.321	-2355.437
22387211.386	1018.426	-2258.971
23713737.057	929.824	-2166.214
25118864.315	845.038	-2073.508
26607250.598	763.126	-1985.645
28183829.313	679.674	-1891.192
29853826.189	604.175	-1785.311
31622776.602	553.493	-1685.553
33496543.916	502.582	-1598.256
35481338.923	451.971	-1516.292
37583740.429	395.321	-1438.603
39810717.055	349.763	-1337.248
42169650.343	315.539	-1258.867
44668359.215	281.048	-1185.578
47315125.896	236.150	-1126.213
50118723.363	172.100	-1009.646
53088444.423	159.849	-932.791
56234132.519	127.587	-855.010
59566214.353	110.522	-769.646
63095734.448	90.591	-695.548
66834391.757	72.614	-617.040
70794578.438	63.730	-537.726
74989420.933	57.503	-463.973
79432823.472	55.250	-396.100
84139514.165	51.511	-332.899
89125093.813	46.660	-269.724
94406087.629	45.653	-209.128
100000000.000	44.828	-152.005
