4294A REV1.11
"DATE:     56 -100"


"MEASURE PARAMETER: IMPEDANCE RESISTANCE - REACTANCE"
"ADAPTER: NONE"
"SWEEP TYPE: LOG FREQ"
"NUMBER of POINTS: 128"
"POINT DELAY TIME:  0 Sec"
"SWEEP DELAY TIME:  0 Sec"
"OSC LEVEL:  500 mVolt"
"DC BIAS: OFF"
"BW: 1"
"SWEEP AVERAGING: 8"
"POINT AVERAGING: 4"


"TRACE: A"
"FORMAT: LINEAR"

"Frequency"	"Data Trace Real"	"Data Trace Imag"
1.00000000000e+03	9.170742e+03	0.000000e+00
1.09488900000e+03	9.105975e+03	0.000000e+00
1.19878200000e+03	9.044789e+03	0.000000e+00
1.31253300000e+03	8.988658e+03	0.000000e+00
1.43707800000e+03	8.935711e+03	0.000000e+00
1.57344100000e+03	8.886375e+03	0.000000e+00
1.72274300000e+03	8.840012e+03	0.000000e+00
1.88621200000e+03	8.796965e+03	0.000000e+00
2.06519300000e+03	8.756922e+03	0.000000e+00
2.26115700000e+03	8.717631e+03	0.000000e+00
2.47571600000e+03	8.682070e+03	0.000000e+00
2.71063400000e+03	8.647551e+03	0.000000e+00
2.96784300000e+03	8.616701e+03	0.000000e+00
3.24945900000e+03	8.587227e+03	0.000000e+00
3.55779600000e+03	8.557883e+03	0.000000e+00
3.89539200000e+03	8.531035e+03	0.000000e+00
4.26502200000e+03	8.504539e+03	0.000000e+00
4.66972500000e+03	8.480980e+03	0.000000e+00
5.11283100000e+03	8.455816e+03	0.000000e+00
5.59798200000e+03	8.436754e+03	0.000000e+00
6.12916900000e+03	8.413961e+03	0.000000e+00
6.71075900000e+03	8.393904e+03	0.000000e+00
7.34753600000e+03	8.375695e+03	0.000000e+00
8.04473600000e+03	8.358617e+03	0.000000e+00
8.80809300000e+03	8.340277e+03	0.000000e+00
9.64388400000e+03	8.323398e+03	0.000000e+00
1.05589820000e+04	8.306988e+03	0.000000e+00
1.15609130000e+04	8.291926e+03	0.000000e+00
1.26579160000e+04	8.278088e+03	0.000000e+00
1.38590120000e+04	8.263217e+03	0.000000e+00
1.51740800000e+04	8.251895e+03	0.000000e+00
1.66139320000e+04	8.237906e+03	0.000000e+00
1.81904110000e+04	8.225803e+03	0.000000e+00
1.99164810000e+04	8.213547e+03	0.000000e+00
2.18063350000e+04	8.203461e+03	0.000000e+00
2.38755150000e+04	8.191629e+03	0.000000e+00
2.61410380000e+04	8.181567e+03	0.000000e+00
2.86215340000e+04	8.171468e+03	0.000000e+00
3.13374020000e+04	8.164060e+03	0.000000e+00
3.43109760000e+04	8.154307e+03	0.000000e+00
3.75667090000e+04	8.144797e+03	0.000000e+00
4.11313750000e+04	8.135440e+03	0.000000e+00
4.50342890000e+04	8.127144e+03	0.000000e+00
4.93075460000e+04	8.121935e+03	0.000000e+00
5.39862880000e+04	8.114230e+03	0.000000e+00
5.91089910000e+04	8.107330e+03	0.000000e+00
6.47177820000e+04	8.101329e+03	0.000000e+00
7.08587850000e+04	8.093938e+03	0.000000e+00
7.75825020000e+04	8.087935e+03	0.000000e+00
8.49442250000e+04	8.081533e+03	0.000000e+00
9.30044950000e+04	8.076324e+03	0.000000e+00
1.01829595000e+05	8.070427e+03	0.000000e+00
1.11492100000e+05	8.064518e+03	0.000000e+00
1.22071470000e+05	8.060439e+03	0.000000e+00
1.33654705000e+05	8.055756e+03	0.000000e+00
1.46337062000e+05	8.051971e+03	0.000000e+00
1.60222834000e+05	8.047582e+03	0.000000e+00
1.75426213000e+05	8.043286e+03	0.000000e+00
1.92072225000e+05	8.039895e+03	0.000000e+00
2.10297759000e+05	8.036895e+03	0.000000e+00
2.30252696000e+05	8.033910e+03	0.000000e+00
2.52101136000e+05	8.030616e+03	0.000000e+00
2.76022752000e+05	8.027798e+03	0.000000e+00
3.02214266000e+05	8.025380e+03	0.000000e+00
3.30891064000e+05	8.021996e+03	0.000000e+00
3.62288975000e+05	8.019685e+03	0.000000e+00
3.96666201000e+05	8.017621e+03	0.000000e+00
4.34305446000e+05	8.015427e+03	0.000000e+00
4.75516241000e+05	8.013142e+03	0.000000e+00
5.20637485000e+05	8.010366e+03	0.000000e+00
5.70040237000e+05	8.007871e+03	0.000000e+00
6.24130765000e+05	8.005106e+03	0.000000e+00
6.83353887000e+05	8.002974e+03	0.000000e+00
7.48196631000e+05	8.000018e+03	0.000000e+00
8.19192234000e+05	7.997707e+03	0.000000e+00
8.96924538000e+05	7.994135e+03	0.000000e+00
9.82032779000e+05	7.990854e+03	0.000000e+00
1.07521685300e+06	7.985559e+03	0.000000e+00
1.17724306800e+06	7.979068e+03	0.000000e+00
1.28895044400e+06	7.972791e+03	0.000000e+00
1.41125761800e+06	7.966910e+03	0.000000e+00
1.54517039300e+06	7.959005e+03	0.000000e+00
1.69179001200e+06	7.949282e+03	0.000000e+00
1.85232221600e+06	7.938613e+03	0.000000e+00
2.02808715400e+06	7.924630e+03	0.000000e+00
2.22053024500e+06	7.909146e+03	0.000000e+00
2.43123406200e+06	7.891021e+03	0.000000e+00
2.66193134600e+06	7.868662e+03	0.000000e+00
2.91451925700e+06	7.842185e+03	0.000000e+00
3.19107497300e+06	7.811392e+03	0.000000e+00
3.49387277500e+06	7.774649e+03	0.000000e+00
3.82540274700e+06	7.731029e+03	0.000000e+00
4.18839125400e+06	7.679963e+03	0.000000e+00
4.58582336600e+06	7.618998e+03	0.000000e+00
5.02096740000e+06	7.547638e+03	0.000000e+00
5.49740180000e+06	7.463924e+03	0.000000e+00
6.01904456800e+06	7.366583e+03	0.000000e+00
6.59018547800e+06	7.253839e+03	0.000000e+00
7.21552135800e+06	7.124996e+03	0.000000e+00
7.90019471200e+06	6.972898e+03	0.000000e+00
8.64983601300e+06	6.793201e+03	0.000000e+00
9.47061000100e+06	6.596984e+03	0.000000e+00
1.03692663830e+07	6.376034e+03	0.000000e+00
1.13531953390e+07	6.128817e+03	0.000000e+00
1.24304882960e+07	5.864548e+03	0.000000e+00
1.36100044660e+07	5.552656e+03	0.000000e+00
1.49014437050e+07	5.235859e+03	0.000000e+00
1.63154262770e+07	5.043962e+03	0.000000e+00
1.78635801920e+07	4.675383e+03	0.000000e+00
1.95586368300e+07	4.334919e+03	0.000000e+00
2.14145356390e+07	3.983417e+03	0.000000e+00
2.34465387640e+07	3.634362e+03	0.000000e+00
2.56713565630e+07	3.287590e+03	0.000000e+00
2.81072850210e+07	2.953240e+03	0.000000e+00
3.07743562090e+07	2.627999e+03	0.000000e+00
3.36945030220e+07	2.335204e+03	0.000000e+00
3.68917395440e+07	2.054832e+03	0.000000e+00
4.03923585320e+07	1.799994e+03	0.000000e+00
4.42251476320e+07	1.561355e+03	0.000000e+00
4.84216261230e+07	1.348969e+03	0.000000e+00
5.30163041160e+07	1.162936e+03	0.000000e+00
5.80469663480e+07	9.971198e+02	0.000000e+00
6.35549829140e+07	8.492605e+02	0.000000e+00
6.95856494710e+07	7.185105e+02	0.000000e+00
7.61885597370e+07	6.040571e+02	0.000000e+00
8.34180133250e+07	5.081909e+02	0.000000e+00
9.13334622820e+07	4.320844e+02	0.000000e+00
1.00000000000e+08	3.711266e+02	0.000000e+00


"TRACE: B"
"FORMAT: LINEAR"

"Frequency"	"Data Trace Real"	"Data Trace Imag"
1.00000000000e+03	-4.493852e+03	0.000000e+00
1.09488900000e+03	-4.156482e+03	0.000000e+00
1.19878200000e+03	-3.853757e+03	0.000000e+00
1.31253300000e+03	-3.574746e+03	0.000000e+00
1.43707800000e+03	-3.315438e+03	0.000000e+00
1.57344100000e+03	-3.076990e+03	0.000000e+00
1.72274300000e+03	-2.856223e+03	0.000000e+00
1.88621200000e+03	-2.650455e+03	0.000000e+00
2.06519300000e+03	-2.459768e+03	0.000000e+00
2.26115700000e+03	-2.284539e+03	0.000000e+00
2.47571600000e+03	-2.119266e+03	0.000000e+00
2.71063400000e+03	-1.969058e+03	0.000000e+00
2.96784300000e+03	-1.830210e+03	0.000000e+00
3.24945900000e+03	-1.700578e+03	0.000000e+00
3.55779600000e+03	-1.582486e+03	0.000000e+00
3.89539200000e+03	-1.469979e+03	0.000000e+00
4.26502200000e+03	-1.368793e+03	0.000000e+00
4.66972500000e+03	-1.271644e+03	0.000000e+00
5.11283100000e+03	-1.185256e+03	0.000000e+00
5.59798200000e+03	-1.105664e+03	0.000000e+00
6.12916900000e+03	-1.030674e+03	0.000000e+00
6.71075900000e+03	-9.622689e+02	0.000000e+00
7.34753600000e+03	-8.944969e+02	0.000000e+00
8.04473600000e+03	-8.349766e+02	0.000000e+00
8.80809300000e+03	-7.824508e+02	0.000000e+00
9.64388400000e+03	-7.322129e+02	0.000000e+00
1.05589820000e+04	-6.831255e+02	0.000000e+00
1.15609130000e+04	-6.390396e+02	0.000000e+00
1.26579160000e+04	-6.005087e+02	0.000000e+00
1.38590120000e+04	-5.649709e+02	0.000000e+00
1.51740800000e+04	-5.298967e+02	0.000000e+00
1.66139320000e+04	-4.950120e+02	0.000000e+00
1.81904110000e+04	-4.674569e+02	0.000000e+00
1.99164810000e+04	-4.374318e+02	0.000000e+00
2.18063350000e+04	-4.117429e+02	0.000000e+00
2.38755150000e+04	-3.883523e+02	0.000000e+00
2.61410380000e+04	-3.667433e+02	0.000000e+00
2.86215340000e+04	-3.464646e+02	0.000000e+00
3.13374020000e+04	-3.276082e+02	0.000000e+00
3.43109760000e+04	-3.078939e+02	0.000000e+00
3.75667090000e+04	-2.935542e+02	0.000000e+00
4.11313750000e+04	-2.778300e+02	0.000000e+00
4.50342890000e+04	-2.668971e+02	0.000000e+00
4.93075460000e+04	-2.509154e+02	0.000000e+00
5.39862880000e+04	-2.410984e+02	0.000000e+00
5.91089910000e+04	-2.313206e+02	0.000000e+00
6.47177820000e+04	-2.209824e+02	0.000000e+00
7.08587850000e+04	-2.128253e+02	0.000000e+00
7.75825020000e+04	-2.045559e+02	0.000000e+00
8.49442250000e+04	-1.944160e+02	0.000000e+00
9.30044950000e+04	-1.914625e+02	0.000000e+00
1.01829595000e+05	-1.839416e+02	0.000000e+00
1.11492100000e+05	-1.804698e+02	0.000000e+00
1.22071470000e+05	-1.759232e+02	0.000000e+00
1.33654705000e+05	-1.736124e+02	0.000000e+00
1.46337062000e+05	-1.730297e+02	0.000000e+00
1.60222834000e+05	-1.689189e+02	0.000000e+00
1.75426213000e+05	-1.694337e+02	0.000000e+00
1.92072225000e+05	-1.683906e+02	0.000000e+00
2.10297759000e+05	-1.716608e+02	0.000000e+00
2.30252696000e+05	-1.752003e+02	0.000000e+00
2.52101136000e+05	-1.758333e+02	0.000000e+00
2.76022752000e+05	-1.822507e+02	0.000000e+00
3.02214266000e+05	-1.870583e+02	0.000000e+00
3.30891064000e+05	-1.931989e+02	0.000000e+00
3.62288975000e+05	-2.003584e+02	0.000000e+00
3.96666201000e+05	-2.103268e+02	0.000000e+00
4.34305446000e+05	-2.223219e+02	0.000000e+00
4.75516241000e+05	-2.355917e+02	0.000000e+00
5.20637485000e+05	-2.481184e+02	0.000000e+00
5.70040237000e+05	-2.654075e+02	0.000000e+00
6.24130765000e+05	-2.827762e+02	0.000000e+00
6.83353887000e+05	-3.029547e+02	0.000000e+00
7.48196631000e+05	-3.236927e+02	0.000000e+00
8.19192234000e+05	-3.510336e+02	0.000000e+00
8.96924538000e+05	-3.784490e+02	0.000000e+00
9.82032779000e+05	-4.078162e+02	0.000000e+00
1.07521685300e+06	-4.418630e+02	0.000000e+00
1.17724306800e+06	-4.806531e+02	0.000000e+00
1.28895044400e+06	-5.216869e+02	0.000000e+00
1.41125761800e+06	-5.667703e+02	0.000000e+00
1.54517039300e+06	-6.153766e+02	0.000000e+00
1.69179001200e+06	-6.694344e+02	0.000000e+00
1.85232221600e+06	-7.282646e+02	0.000000e+00
2.02808715400e+06	-7.929509e+02	0.000000e+00
2.22053024500e+06	-8.639144e+02	0.000000e+00
2.43123406200e+06	-9.414592e+02	0.000000e+00
2.66193134600e+06	-1.024554e+03	0.000000e+00
2.91451925700e+06	-1.115789e+03	0.000000e+00
3.19107497300e+06	-1.215263e+03	0.000000e+00
3.49387277500e+06	-1.321721e+03	0.000000e+00
3.82540274700e+06	-1.436257e+03	0.000000e+00
4.18839125400e+06	-1.560340e+03	0.000000e+00
4.58582336600e+06	-1.693292e+03	0.000000e+00
5.02096740000e+06	-1.835508e+03	0.000000e+00
5.49740180000e+06	-1.984821e+03	0.000000e+00
6.01904456800e+06	-2.142477e+03	0.000000e+00
6.59018547800e+06	-2.306910e+03	0.000000e+00
7.21552135800e+06	-2.479087e+03	0.000000e+00
7.90019471200e+06	-2.663241e+03	0.000000e+00
8.64983601300e+06	-2.838653e+03	0.000000e+00
9.47061000100e+06	-3.013487e+03	0.000000e+00
1.03692663830e+07	-3.186687e+03	0.000000e+00
1.13531953390e+07	-3.353140e+03	0.000000e+00
1.24304882960e+07	-3.509778e+03	0.000000e+00
1.36100044660e+07	-3.652732e+03	0.000000e+00
1.49014437050e+07	-3.763064e+03	0.000000e+00
1.63154262770e+07	-3.842100e+03	0.000000e+00
1.78635801920e+07	-3.895868e+03	0.000000e+00
1.95586368300e+07	-3.926658e+03	0.000000e+00
2.14145356390e+07	-3.933825e+03	0.000000e+00
2.34465387640e+07	-3.912721e+03	0.000000e+00
2.56713565630e+07	-3.860119e+03	0.000000e+00
2.81072850210e+07	-3.781231e+03	0.000000e+00
3.07743562090e+07	-3.673192e+03	0.000000e+00
3.36945030220e+07	-3.543849e+03	0.000000e+00
3.68917395440e+07	-3.402933e+03	0.000000e+00
4.03923585320e+07	-3.244396e+03	0.000000e+00
4.42251476320e+07	-3.086427e+03	0.000000e+00
4.84216261230e+07	-2.899508e+03	0.000000e+00
5.30163041160e+07	-2.721149e+03	0.000000e+00
5.80469663480e+07	-2.542460e+03	0.000000e+00
6.35549829140e+07	-2.364856e+03	0.000000e+00
6.95856494710e+07	-2.190069e+03	0.000000e+00
7.61885597370e+07	-2.017268e+03	0.000000e+00
8.34180133250e+07	-1.847410e+03	0.000000e+00
9.13334622820e+07	-1.683937e+03	0.000000e+00
1.00000000000e+08	-1.534775e+03	0.000000e+00
