1000.000	303493.200	-4137.022
1059.254	303444.600	-4076.608
1122.018	303437.800	-3993.664
1188.502	303395.000	-3969.321
1258.925	303322.400	-3890.338
1333.521	303249.400	-3846.042
1412.538	303215.600	-3874.063
1496.236	303166.900	-3862.767
1584.893	303178.600	-3826.819
1678.804	303117.500	-3795.502
1778.279	303027.100	-3857.803
1883.649	302989.500	-3891.155
1995.262	302985.000	-3891.846
2113.489	302950.200	-3966.329
2238.721	302913.700	-3993.462
2371.374	302822.200	-3957.866
2511.886	302834.700	-4034.761
2660.725	302785.600	-4192.556
2818.383	302783.700	-4266.608
2985.383	302715.400	-4403.877
3162.278	302723.400	-4506.814
3349.654	302712.100	-4572.098
3548.134	302654.600	-4809.475
3758.374	302676.200	-4969.510
3981.072	302590.700	-4992.823
4216.965	302536.100	-5219.293
4466.836	302540.300	-5460.359
4731.513	302492.300	-5675.629
5011.872	302519.400	-5953.312
5308.844	302464.300	-6045.914
5623.413	302467.400	-6401.654
5956.621	302417.300	-6703.018
6309.573	302398.000	-7049.437
6683.439	302393.700	-7299.219
7079.458	302283.900	-7770.627
7498.942	302331.600	-7992.594
7943.282	302267.900	-8425.885
8413.951	302185.100	-8891.967
8912.509	302236.200	-9419.318
9440.609	302191.700	-9937.654
10000.000	302149.900	-10481.090
10592.537	302076.600	-10878.380
11220.185	302046.600	-11459.770
11885.022	301977.400	-12255.290
12589.254	301860.300	-12920.750
13335.214	301757.800	-13740.130
14125.375	301684.000	-14385.570
14962.357	301673.700	-15202.480
15848.932	301547.400	-15869.480
16788.040	301459.800	-16681.480
17782.794	301410.100	-17729.840
18836.491	301116.200	-18836.420
19952.623	301023.100	-19835.710
21134.890	300894.700	-20913.680
22387.211	300674.600	-22181.410
23713.737	300505.900	-23458.760
25118.864	300256.700	-24809.980
26607.251	300014.300	-26232.750
28183.829	299747.600	-27640.780
29853.826	299388.700	-29226.840
31622.777	299126.400	-30892.000
33496.544	298713.500	-32617.860
35481.339	298311.800	-34508.160
37583.740	297802.900	-36536.280
39810.717	297278.100	-38565.070
42169.650	296648.800	-40725.950
44668.359	295968.700	-42984.880
47315.126	295177.800	-45501.080
50118.723	294428.900	-47885.830
53088.444	293470.200	-50640.410
56234.133	292438.500	-53371.480
59566.214	291257.600	-56440.610
63095.734	290059.800	-59283.750
66834.392	288725.200	-62619.630
70794.578	287061.400	-65845.170
74989.421	285211.000	-69413.880
79432.823	283294.400	-72954.050
84139.514	281142.600	-76575.500
89125.094	278755.500	-80494.060
94406.088	276199.700	-84344.500
100000.000	273293.700	-88271.090
105925.373	270173.100	-92590.130
112201.845	266676.700	-96661.500
118850.223	262983.700	-100991.000
125892.541	258958.100	-105161.000
133352.143	254412.600	-109419.100
141253.754	249677.900	-113807.100
149623.566	244432.500	-117911.100
158489.319	238951.100	-122055.900
167880.402	233139.000	-125925.500
177827.941	226821.700	-129826.700
188364.909	220116.500	-133382.700
199526.231	213133.700	-136658.600
211348.904	205836.500	-139701.000
223872.114	198251.100	-142412.600
237137.371	190457.200	-144732.700
251188.643	182252.800	-146557.800
266072.506	174004.400	-148028.700
281838.293	165431.000	-148911.800
298538.262	156916.700	-149556.300
316227.766	148459.400	-149532.500
334965.439	139754.400	-149129.300
354813.389	131334.000	-148178.100
375837.404	123039.200	-146766.900
398107.171	114870.600	-144965.900
421696.503	106953.100	-142712.200
446683.592	99367.170	-140032.900
473151.259	92023.200	-137019.700
501187.234	85041.810	-133723.300
530884.444	78387.300	-130208.500
562341.325	72069.080	-126508.100
595662.144	66093.920	-122548.200
630957.344	60583.470	-118543.900
668343.918	55407.680	-114338.400
707945.784	50600.130	-110157.700
749894.209	46188.400	-105875.700
794328.235	42027.380	-101721.800
841395.142	38220.190	-97479.440
891250.938	34729.280	-93339.750
944060.876	31512.810	-89252.340
1000000.000	28597.510	-85270.800
1059253.725	25947.180	-81357.530
1122018.454	23450.100	-77540.950
1188502.227	21354.590	-73867.750
1258925.412	19356.150	-70337.690
1333521.432	17479.300	-66874.970
1412537.545	15813.660	-63620.140
1496235.656	14324.210	-60440.050
1584893.192	13025.900	-57404.280
1678804.018	11770.620	-54500.560
1778279.410	10675.090	-51718.500
1883649.089	9653.262	-49023.580
1995262.315	8761.633	-46489.590
2113489.040	7944.699	-44120.020
2238721.139	7226.324	-41782.250
2371373.706	6552.654	-39603.960
2511886.432	5929.521	-37511.670
2660725.060	5406.609	-35539.980
2818382.931	4888.230	-33652.580
2985382.619	4442.662	-31879.470
3162277.660	4040.797	-30180.200
3349654.392	3667.254	-28574.510
3548133.892	3341.293	-27054.480
3758374.043	3028.244	-25590.100
3981071.706	2762.332	-24214.980
4216965.034	2518.129	-22923.710
4466835.922	2301.143	-21695.260
4731512.590	2096.179	-20533.580
5011872.336	1908.870	-19449.570
5308844.442	1693.332	-18427.280
5623413.252	1461.542	-17408.030
5956621.435	1310.535	-16340.150
6309573.445	1270.498	-15407.330
6683439.176	1219.356	-14574.640
7079457.844	1143.642	-13805.500
7498942.093	1062.948	-13076.080
7943282.347	966.206	-12385.470
8413951.416	884.507	-11693.060
8912509.381	837.289	-11071.000
9440608.763	751.981	-10498.220
10000000.000	678.346	-9879.418
10592537.252	660.858	-9346.555
11220184.543	620.184	-8857.119
11885022.274	573.203	-8392.516
12589254.118	518.617	-7956.229
13335214.322	441.443	-7508.355
14125375.446	423.284	-7084.484
14962356.561	405.237	-6709.881
15848931.925	362.684	-6540.191
16788040.181	261.220	-6189.039
17782794.100	231.168	-5839.361
18836490.895	48.424	-5480.645
19952623.150	179.345	-5004.525
21134890.398	245.409	-4778.390
22387211.386	239.245	-4556.121
23713737.057	209.115	-4326.918
25118864.315	190.758	-4078.841
26607250.598	186.804	-3859.775
28183829.313	175.837	-3656.618
29853826.189	154.088	-3463.923
31622776.602	139.849	-3271.613
33496543.916	128.743	-3094.407
35481338.923	114.419	-2929.649
37583740.429	97.767	-2771.599
39810717.055	72.846	-2620.064
42169650.343	62.945	-2460.952
44668359.215	54.643	-2325.034
47315125.896	46.304	-2196.904
50118723.363	30.877	-2079.905
53088444.423	6.389	-1964.645
56234132.519	-12.786	-1845.109
59566214.353	-39.404	-1735.717
63095734.448	-70.251	-1611.383
66834391.757	-74.035	-1481.166
70794578.438	-71.380	-1359.107
74989420.933	-53.052	-1265.455
79432823.472	-51.328	-1180.721
84139514.165	-53.370	-1092.864
89125093.813	-47.504	-1017.537
94406087.629	-49.858	-950.439
100000000.000	-60.208	-883.534
