1000.000	6110.984	-5174.834
1059.254	6051.839	-4915.459
1122.018	5995.604	-4686.721
1188.502	5942.729	-4473.885
1258.925	5892.516	-4273.539
1333.521	5844.186	-4084.120
1412.538	5799.687	-3902.370
1496.236	5756.512	-3728.738
1584.893	5716.060	-3562.347
1678.804	5677.285	-3402.557
1778.279	5641.501	-3250.013
1883.649	5607.152	-3107.689
1995.262	5575.359	-2968.143
2113.489	5543.039	-2835.091
2238.721	5513.357	-2707.348
2371.374	5485.711	-2584.353
2511.886	5458.035	-2467.027
2660.725	5432.187	-2354.422
2818.383	5407.097	-2246.750
2985.383	5383.820	-2144.530
3162.278	5360.634	-2045.078
3349.654	5339.953	-1952.816
3548.134	5319.475	-1862.127
3758.374	5299.893	-1775.641
3981.072	5280.879	-1693.551
4216.965	5264.126	-1613.176
4466.836	5246.495	-1538.723
4731.513	5229.065	-1467.133
5011.872	5214.793	-1396.256
5308.844	5199.541	-1331.552
5623.413	5185.963	-1268.692
5956.621	5172.113	-1209.696
6309.573	5159.473	-1151.652
6683.439	5147.984	-1097.841
7079.458	5136.686	-1043.725
7498.942	5125.417	-996.606
7943.282	5115.627	-948.656
8413.951	5106.061	-902.858
8912.509	5094.423	-860.049
9440.609	5088.744	-817.885
10000.000	5078.175	-780.574
10592.537	5070.506	-741.954
11220.185	5064.324	-707.271
11885.022	5057.429	-674.531
12589.254	5050.596	-642.591
13335.214	5041.377	-612.079
14125.375	5037.459	-582.693
14962.357	5032.878	-555.076
15848.932	5027.638	-528.411
16788.040	5022.288	-504.759
17782.794	5016.369	-482.228
18836.491	5010.932	-459.164
19952.623	5006.771	-439.726
21134.890	5003.064	-418.932
22387.211	4999.334	-400.341
23713.737	4995.166	-382.053
25118.864	4990.738	-365.598
26607.251	4988.162	-350.859
28183.829	4984.367	-335.542
29853.826	4981.638	-322.223
31622.777	4978.387	-307.609
33496.544	4975.911	-295.537
35481.339	4973.074	-283.243
37583.740	4969.708	-271.728
39810.717	4966.883	-261.646
42169.650	4964.021	-252.915
44668.359	4961.161	-245.542
47315.126	4958.621	-234.601
50118.723	4956.751	-226.529
53088.444	4954.809	-219.335
56234.133	4952.082	-212.385
59566.214	4949.492	-206.445
63095.734	4947.036	-199.966
66834.392	4945.111	-194.821
70794.578	4943.512	-190.091
74989.421	4940.434	-185.692
79432.823	4938.359	-181.835
84139.514	4936.777	-175.894
89125.094	4934.766	-174.690
94406.088	4933.051	-171.892
100000.000	4930.207	-168.771
105925.373	4928.973	-166.816
112201.845	4926.964	-166.317
118850.223	4924.565	-164.498
125892.541	4922.871	-163.244
133352.143	4920.813	-163.317
141253.754	4919.796	-163.287
149623.566	4917.929	-163.521
158489.319	4915.605	-164.052
167880.402	4914.088	-165.074
177827.941	4912.461	-166.620
188364.909	4910.352	-168.343
199526.231	4908.772	-170.823
211348.904	4906.453	-173.868
223872.114	4904.829	-176.976
237137.371	4903.812	-180.285
251188.643	4902.032	-184.267
266072.506	4898.801	-188.396
281838.293	4898.078	-194.864
298538.262	4895.779	-199.835
316227.766	4893.858	-206.138
334965.439	4892.286	-212.198
354813.389	4889.527	-219.364
375837.404	4887.650	-228.085
398107.171	4885.647	-236.564
421696.503	4882.771	-245.431
446683.592	4880.570	-255.023
473151.259	4877.816	-264.840
501187.234	4875.401	-276.004
530884.444	4872.158	-288.228
562341.325	4869.638	-300.651
595662.144	4866.009	-313.202
630957.344	4863.139	-327.897
668343.918	4859.383	-344.879
707945.784	4855.198	-360.280
749894.209	4851.196	-376.851
794328.235	4846.924	-394.682
841395.142	4842.151	-415.591
891250.938	4836.669	-435.754
944060.876	4831.500	-457.529
1000000.000	4825.399	-480.630
1059253.725	4818.695	-505.891
1122018.454	4811.375	-531.443
1188502.227	4803.409	-558.372
1258925.412	4794.021	-586.274
1333521.432	4784.844	-616.921
1412537.545	4774.793	-649.047
1496235.656	4763.189	-681.394
1584893.192	4750.582	-717.143
1678804.018	4737.677	-754.192
1778279.410	4722.712	-793.303
1883649.089	4706.070	-834.858
1995262.315	4687.693	-877.433
2113489.040	4667.086	-921.917
2238721.139	4645.188	-968.012
2371373.706	4620.674	-1016.530
2511886.432	4595.623	-1066.477
2660725.060	4568.402	-1121.397
2818382.931	4533.600	-1177.416
2985382.619	4498.398	-1233.349
3162277.660	4459.109	-1292.581
3349654.392	4414.279	-1348.700
3548133.892	4369.343	-1411.382
3758374.043	4320.535	-1471.768
3981071.706	4267.640	-1535.313
4216965.034	4209.878	-1599.902
4466835.922	4147.938	-1663.325
4731512.590	4085.455	-1726.864
5011872.336	4024.107	-1798.861
5308844.442	3948.606	-1890.860
5623413.252	3833.102	-1967.885
5956621.435	3724.258	-2019.520
6309573.445	3622.036	-2070.306
6683439.176	3514.844	-2116.672
7079457.844	3406.001	-2162.953
7498942.093	3292.529	-2205.193
7943282.347	3176.160	-2243.869
8413951.416	3053.074	-2282.392
8912509.381	2924.687	-2307.912
9440608.763	2796.375	-2328.382
10000000.000	2667.775	-2344.369
10592537.252	2539.140	-2351.371
11220184.543	2410.866	-2358.890
11885022.274	2283.475	-2363.697
12589254.118	2126.774	-2387.068
13335214.322	1971.220	-2337.921
14125375.446	1835.184	-2318.268
14962356.561	1695.838	-2257.134
15848931.925	1606.364	-2225.499
16788040.181	1479.944	-2189.455
17782794.100	1339.520	-2136.497
18836490.895	1224.935	-2048.476
19952623.150	1127.274	-1971.996
21134890.398	1041.765	-1898.814
22387211.386	955.682	-1827.105
23713737.057	879.737	-1754.512
25118864.315	806.743	-1688.132
26607250.598	733.766	-1622.426
28183829.313	652.484	-1555.477
29853826.189	574.761	-1471.561
31622776.602	527.614	-1376.553
33496543.916	486.031	-1303.919
35481338.923	444.360	-1236.843
37583740.429	402.799	-1171.568
39810717.055	354.927	-1106.257
42169650.343	323.322	-1040.653
44668359.215	274.497	-973.688
47315125.896	243.653	-913.534
50118723.363	209.337	-824.306
53088444.423	187.460	-766.152
56234132.519	158.757	-697.316
59566214.353	138.420	-629.079
63095734.448	117.962	-563.651
66834391.757	106.071	-500.247
70794578.438	88.755	-437.498
74989420.933	79.120	-371.329
79432823.472	72.884	-310.101
84139514.165	68.010	-253.797
89125093.813	62.719	-197.204
94406087.629	59.384	-143.521
100000000.000	52.510	-92.338
