1000.000	12220.380	-1051.110
1059.254	12205.640	-1007.668
1122.018	12188.600	-966.512
1188.502	12174.040	-926.237
1258.925	12159.890	-887.754
1333.521	12144.670	-852.158
1412.538	12130.580	-817.380
1496.236	12116.950	-783.633
1584.893	12102.780	-753.231
1678.804	12089.300	-722.170
1778.279	12076.000	-691.898
1883.649	12064.800	-663.348
1995.262	12053.670	-638.511
2113.489	12041.910	-611.115
2238.721	12030.820	-584.964
2371.374	12019.990	-560.632
2511.886	12010.780	-537.901
2660.725	12001.560	-514.773
2818.383	11990.640	-491.692
2985.383	11982.230	-474.029
3162.278	11972.080	-453.760
3349.654	11966.330	-433.390
3548.134	11958.580	-415.257
3758.374	11953.540	-399.399
3981.072	11945.620	-382.031
4216.965	11939.720	-369.333
4466.836	11935.130	-351.744
4731.513	11927.630	-338.583
5011.872	11922.520	-324.375
5308.844	11916.590	-311.750
5623.413	11913.300	-300.798
5956.621	11909.070	-285.467
6309.573	11907.620	-275.085
6683.439	11902.330	-270.176
7079.458	11898.750	-254.545
7498.942	11894.920	-247.463
7943.282	11891.520	-239.360
8413.951	11888.120	-230.050
8912.509	11885.570	-222.513
9440.609	11883.970	-216.328
10000.000	11878.310	-209.023
10592.537	11880.920	-201.165
11220.185	11882.310	-193.379
11885.022	11879.140	-192.334
12589.254	11874.580	-188.248
13335.214	11871.680	-182.422
14125.375	11870.710	-185.881
14962.357	11871.710	-174.421
15848.932	11869.040	-173.975
16788.040	11869.580	-179.090
17782.794	11865.810	-169.633
18836.491	11862.390	-171.567
19952.623	11863.920	-167.599
21134.890	11863.500	-170.862
22387.211	11862.170	-168.402
23713.737	11859.810	-172.829
25118.864	11858.690	-171.956
26607.251	11858.400	-174.376
28183.829	11860.090	-178.217
29853.826	11857.280	-178.381
31622.777	11855.780	-185.140
33496.544	11857.960	-188.546
35481.339	11854.320	-193.034
37583.740	11854.930	-199.667
39810.717	11853.320	-205.911
42169.650	11850.710	-213.066
44668.359	11854.990	-224.925
47315.126	11851.190	-229.192
50118.723	11853.250	-237.081
53088.444	11851.480	-249.393
56234.133	11852.580	-258.830
59566.214	11847.520	-269.256
63095.734	11846.710	-282.162
66834.392	11848.930	-294.523
70794.578	11844.920	-309.992
74989.421	11845.560	-324.409
79432.823	11843.400	-340.440
84139.514	11841.200	-354.678
89125.094	11839.260	-374.237
94406.088	11840.150	-393.615
100000.000	11837.240	-414.862
105925.373	11836.390	-437.170
112201.845	11833.400	-460.075
118850.223	11832.310	-485.075
125892.541	11829.960	-511.076
133352.143	11829.010	-538.139
141253.754	11822.330	-571.207
149623.566	11818.310	-602.217
158489.319	11815.340	-636.122
167880.402	11811.020	-668.785
177827.941	11806.070	-705.882
188364.909	11799.770	-748.804
199526.231	11793.250	-788.824
211348.904	11785.200	-836.734
223872.114	11776.680	-884.650
237137.371	11770.510	-933.602
251188.643	11760.730	-983.697
266072.506	11748.990	-1040.933
281838.293	11737.900	-1104.137
298538.262	11724.070	-1165.245
316227.766	11710.470	-1230.393
334965.439	11692.410	-1300.838
354813.389	11674.930	-1370.746
375837.404	11652.780	-1450.078
398107.171	11629.660	-1529.403
421696.503	11603.350	-1617.250
446683.592	11575.240	-1705.669
473151.259	11543.710	-1797.920
501187.234	11508.250	-1898.453
530884.444	11469.640	-2000.407
562341.325	11425.410	-2109.361
595662.144	11376.660	-2225.184
630957.344	11323.180	-2338.185
668343.918	11265.260	-2463.346
707945.784	11200.530	-2589.814
749894.209	11129.430	-2722.815
794328.235	11049.830	-2857.564
841395.142	10962.000	-3001.593
891250.938	10866.790	-3148.408
944060.876	10762.470	-3295.494
1000000.000	10647.640	-3448.872
1059253.725	10523.130	-3606.132
1122018.454	10387.780	-3758.593
1188502.227	10240.290	-3920.623
1258925.412	10080.860	-4079.103
1333521.432	9910.531	-4240.958
1412537.545	9724.814	-4396.424
1496235.656	9527.371	-4549.984
1584893.192	9317.469	-4704.508
1678804.018	9095.172	-4854.795
1778279.410	8855.605	-4995.759
1883649.089	8600.820	-5129.387
1995262.315	8335.070	-5252.064
2113489.040	8058.652	-5362.789
2238721.139	7773.555	-5464.969
2371373.706	7478.857	-5551.977
2511886.432	7177.977	-5627.695
2660725.060	6862.320	-5696.012
2818382.931	6538.379	-5731.658
2985382.619	6217.426	-5757.066
3162277.660	5889.520	-5762.219
3349654.392	5573.340	-5750.082
3548133.892	5249.582	-5721.467
3758374.043	4935.576	-5678.557
3981071.706	4625.614	-5621.631
4216965.034	4321.830	-5550.619
4466835.922	4028.173	-5461.758
4731512.590	3747.865	-5370.604
5011872.336	3470.757	-5280.729
5308844.442	3163.462	-5179.679
5623413.252	2870.627	-5005.830
5956621.435	2638.793	-4831.473
6309573.445	2425.078	-4665.239
6683439.176	2224.007	-4501.404
7079457.844	2035.813	-4340.357
7498942.093	1858.393	-4179.189
7943282.347	1692.033	-4018.736
8413951.416	1533.826	-3855.945
8912509.381	1392.211	-3692.311
9440608.763	1262.316	-3531.828
10000000.000	1142.668	-3376.548
10592537.252	1033.101	-3225.404
11220184.543	930.138	-3080.046
11885022.274	832.669	-2941.213
12589254.118	718.890	-2800.727
13335214.322	647.750	-2636.119
14125375.446	571.519	-2501.586
14962356.561	517.833	-2354.669
15848931.925	467.480	-2254.511
16788040.181	411.117	-2132.026
17782794.100	358.887	-2009.238
18836490.895	324.128	-1887.640
19952623.150	291.345	-1775.563
21134890.398	264.635	-1670.710
22387211.386	241.277	-1573.563
23713737.057	218.005	-1482.878
25118864.315	194.649	-1396.726
26607250.598	172.421	-1313.798
28183829.313	146.673	-1232.475
29853826.189	126.737	-1147.353
31622776.602	117.865	-1065.066
33496543.916	108.891	-996.418
35481338.923	97.730	-930.760
37583740.429	85.909	-867.536
39810717.055	70.708	-803.533
42169650.343	64.090	-744.152
44668359.215	53.290	-683.916
47315125.896	37.681	-630.524
50118723.363	38.143	-564.670
53088444.423	31.435	-514.718
56234132.519	24.283	-457.914
59566214.353	22.016	-406.098
63095734.448	18.039	-356.051
66834391.757	16.559	-307.173
70794578.438	13.785	-259.436
74989420.933	14.114	-212.595
79432823.472	14.919	-168.417
84139514.165	15.248	-126.829
89125093.813	15.561	-86.685
94406087.629	15.566	-48.889
100000000.000	14.836	-13.915
