1000.000	12227.910	-1049.492
1059.254	12213.740	-1007.132
1122.018	12196.580	-966.336
1188.502	12182.020	-926.065
1258.925	12166.770	-887.923
1333.521	12152.660	-851.475
1412.538	12138.090	-817.781
1496.236	12125.340	-783.510
1584.893	12111.160	-754.711
1678.804	12097.460	-720.345
1778.279	12085.420	-690.718
1883.649	12071.080	-663.098
1995.262	12059.200	-634.739
2113.489	12049.540	-610.570
2238.721	12039.750	-584.602
2371.374	12027.070	-560.972
2511.886	12018.100	-536.806
2660.725	12008.430	-515.155
2818.383	12000.000	-493.420
2985.383	11989.730	-474.893
3162.278	11980.510	-451.162
3349.654	11976.250	-435.074
3548.134	11968.160	-417.190
3758.374	11961.000	-400.811
3981.072	11953.830	-384.210
4216.965	11949.130	-368.004
4466.836	11942.140	-351.140
4731.513	11937.080	-338.765
5011.872	11933.130	-323.367
5308.844	11925.780	-310.941
5623.413	11920.330	-300.655
5956.621	11913.860	-284.732
6309.573	11913.940	-276.367
6683.439	11909.490	-266.895
7079.458	11901.970	-253.055
7498.942	11901.920	-245.234
7943.282	11901.550	-236.678
8413.951	11898.640	-225.627
8912.509	11893.150	-218.159
9440.609	11889.840	-216.131
10000.000	11889.020	-206.614
10592.537	11886.890	-198.507
11220.185	11887.740	-198.623
11885.022	11884.060	-189.154
12589.254	11882.190	-187.241
13335.214	11881.110	-186.519
14125.375	11879.500	-180.434
14962.357	11875.810	-179.790
15848.932	11874.980	-174.517
16788.040	11873.230	-171.932
17782.794	11873.630	-171.646
18836.491	11872.860	-168.227
19952.623	11871.490	-165.601
21134.890	11869.510	-173.023
22387.211	11868.830	-170.855
23713.737	11867.910	-169.730
25118.864	11867.300	-174.863
26607.251	11864.950	-176.398
28183.829	11867.340	-180.214
29853.826	11865.690	-178.208
31622.777	11866.440	-184.058
33496.544	11863.340	-189.541
35481.339	11866.540	-192.235
37583.740	11864.050	-200.510
39810.717	11862.390	-203.514
42169.650	11864.720	-211.289
44668.359	11863.340	-221.760
47315.126	11860.630	-229.925
50118.723	11860.520	-234.584
53088.444	11858.610	-246.142
56234.133	11860.160	-259.790
59566.214	11858.400	-268.975
63095.734	11856.420	-283.616
66834.392	11856.200	-295.445
70794.578	11854.350	-309.393
74989.421	11853.350	-326.323
79432.823	11851.560	-338.922
84139.514	11848.640	-354.269
89125.094	11849.100	-375.638
94406.088	11848.370	-394.468
100000.000	11844.960	-414.912
105925.373	11845.130	-438.754
112201.845	11842.410	-461.757
118850.223	11840.630	-486.010
125892.541	11837.490	-509.863
133352.143	11835.700	-543.047
141253.754	11831.170	-570.017
149623.566	11826.030	-603.734
158489.319	11822.510	-638.055
167880.402	11818.630	-669.787
177827.941	11811.680	-707.906
188364.909	11807.430	-748.792
199526.231	11800.790	-790.986
211348.904	11794.540	-835.785
223872.114	11786.800	-884.695
237137.371	11778.030	-934.934
251188.643	11769.210	-984.753
266072.506	11754.780	-1040.532
281838.293	11745.640	-1102.253
298538.262	11731.770	-1165.598
316227.766	11717.790	-1231.149
334965.439	11699.460	-1299.441
354813.389	11680.930	-1372.095
375837.404	11660.400	-1451.682
398107.171	11637.890	-1533.217
421696.503	11610.570	-1617.693
446683.592	11582.260	-1710.854
473151.259	11551.550	-1803.224
501187.234	11516.470	-1899.901
530884.444	11475.500	-2003.729
562341.325	11433.080	-2111.524
595662.144	11385.830	-2227.265
630957.344	11331.490	-2342.832
668343.918	11271.990	-2466.883
707945.784	11206.530	-2595.514
749894.209	11135.300	-2725.046
794328.235	11055.460	-2864.854
841395.142	10967.810	-3005.602
891250.938	10872.020	-3152.712
944060.876	10768.970	-3299.840
1000000.000	10654.030	-3453.684
1059253.725	10528.270	-3609.984
1122018.454	10389.260	-3762.978
1188502.227	10245.040	-3925.034
1258925.412	10086.090	-4085.555
1333521.432	9913.887	-4244.063
1412537.545	9729.078	-4401.921
1496235.656	9532.361	-4555.342
1584893.192	9320.664	-4709.580
1678804.018	9097.250	-4855.906
1778279.410	8857.043	-5000.643
1883649.089	8603.848	-5134.523
1995262.315	8338.453	-5255.113
2113489.040	8061.408	-5367.967
2238721.139	7775.375	-5468.580
2371373.706	7480.221	-5556.770
2511886.432	7179.766	-5632.410
2660725.060	6864.096	-5700.375
2818382.931	6538.566	-5736.418
2985382.619	6217.994	-5761.063
3162277.660	5889.951	-5767.141
3349654.392	5569.135	-5751.586
3548133.892	5250.125	-5723.803
3758374.043	4935.473	-5680.883
3981071.706	4625.891	-5625.361
4216965.034	4321.928	-5553.066
4466835.922	4028.004	-5464.258
4731512.590	3747.541	-5372.438
5011872.336	3469.727	-5282.811
5308844.442	3163.109	-5182.438
5623413.252	2869.980	-5006.858
5956621.435	2637.959	-4832.701
6309573.445	2424.383	-4667.042
6683439.176	2222.917	-4502.886
7079457.844	2035.411	-4341.989
7498942.093	1857.819	-4180.870
7943282.347	1690.898	-4019.654
8413951.416	1533.756	-3856.807
8912509.381	1391.625	-3692.506
9440608.763	1261.828	-3532.838
10000000.000	1141.657	-3377.019
10592537.252	1032.098	-3225.436
11220184.543	929.629	-3080.353
11885022.274	832.800	-2941.742
12589254.118	718.333	-2801.670
13335214.322	647.623	-2636.130
14125375.446	570.810	-2501.570
14962356.561	517.635	-2355.085
15848931.925	468.008	-2254.436
16788040.181	411.538	-2132.288
17782794.100	358.129	-2009.636
18836490.895	324.127	-1888.988
19952623.150	288.779	-1774.995
21134890.398	266.248	-1669.451
22387211.386	241.836	-1574.681
23713737.057	217.868	-1483.322
25118864.315	194.715	-1397.000
26607250.598	172.321	-1313.714
28183829.313	146.343	-1232.674
29853826.189	127.097	-1149.234
31622776.602	117.819	-1065.065
33496543.916	108.712	-996.523
35481338.923	97.656	-930.862
37583740.429	85.865	-867.570
39810717.055	70.697	-803.621
42169650.343	63.987	-744.274
44668359.215	53.303	-683.918
47315125.896	37.549	-630.613
50118723.363	38.089	-564.777
53088444.423	31.412	-514.853
56234132.519	24.273	-457.988
59566214.353	21.982	-406.195
63095734.448	18.019	-356.083
66834391.757	16.531	-307.193
70794578.438	13.789	-259.542
74989420.933	14.082	-212.617
79432823.472	14.900	-168.477
84139514.165	15.261	-126.881
89125093.813	15.555	-86.699
94406087.629	15.556	-48.918
100000000.000	14.880	-13.928
